6021 1920
71
1
79
54
89
24
70
95
61
59
19
4
64
85
38
44
9
46
6
54
41
11
93
67
37
9
59
61
16
96
12
42
2
80
49
11
24
44
15
93
8
57
16
75
51
82
90
65
31
59
62
65
97
31
60
21
52
35
98
39
48
47
59
96
86
98
61
61
2
70
63
53
4
20
26
66
56
64
13
54
44
24
95
41
97
91
62
2
16
75
76
47
92
52
30
56
67
17
32
58
93
62
54
12
17
86
79
9
52
1
25
31
97
82
2
79
100
66
93
41
61
44
52
73
69
39
25
64
1
13
72
45
21
62
17
73
49
70
73
99
74
45
46
46
2
9
12
93
45
25
47
52
80
56
78
69
25
6
64
6
74
83
16
61
5
19
30
78
53
39
95
1
99
86
64
19
34
52
63
69
14
45
56
27
78
84
69
57
49
73
54
20
6
20
6
97
84
29
56
94
31
83
93
63
31
32
68
64
66
47
26
9
56
47
55
66
57
40
53
44
60
82
81
6
19
29
12
32
62
52
81
13
80
60
49
65
83
70
26
23
13
84
90
87
76
77
58
33
31
29
8
66
57
46
98
67
61
75
4
63
8
77
42
42
70
97
96
17
9
62
99
49
84
36
25
16
93
94
85
4
78
85
91
82
73
35
54
50
13
26
20
94
42
84
59
34
62
15
100
41
36
13
91
93
87
12
1
2
67
88
59
90
34
41
68
17
57
72
71
38
25
87
67
85
32
67
100
46
36
100
16
7
12
49
97
21
57
16
72
21
27
3
97
66
84
60
94
93
22
42
19
96
4
91
59
100
95
29
8
31
53
56
55
70
50
91
68
22
48
86
86
77
28
73
83
14
86
48
48
87
64
97
54
22
95
85
57
34
61
45
87
85
23
18
74
46
86
98
23
25
88
47
3
26
17
9
86
54
55
33
46
7
92
32
20
29
97
96
99
6
25
43
82
80
65
72
67
90
68
59
35
48
30
73
47
64
80
51
15
60
37
86
20
94
30
46
54
99
71
47
92
15
85
67
56
85
18
61
30
29
75
26
96
37
82
82
46
7
40
58
41
73
65
39
52
43
7
67
45
67
86
53
26
75
13
51
16
80
11
30
19
55
97
49
53
41
42
70
9
78
86
46
70
84
24
89
45
50
3
67
62
51
52
64
94
24
55
80
28
17
33
34
72
45
39
100
56
87
44
17
33
10
28
41
76
10
8
96
67
52
11
35
4
81
34
90
69
50
28
38
65
52
96
38
93
46
80
9
43
41
79
37
83
14
89
31
6
28
39
9
44
18
51
7
74
60
61
68
39
53
67
25
43
76
69
32
4
100
94
79
19
11
44
76
18
36
40
54
67
92
94
53
35
75
65
44
98
35
33
42
70
98
69
63
24
30
50
33
28
46
65
32
29
16
93
6
9
48
12
8
54
66
85
86
7
95
95
59
6
43
99
79
43
93
75
72
21
17
91
78
69
65
10
23
5
67
52
39
85
19
1
97
41
83
23
66
93
44
70
86
29
93
57
18
77
10
95
66
82
55
82
55
85
67
86
77
13
58
38
4
67
32
18
33
51
15
69
86
61
10
40
32
69
37
45
57
49
67
94
18
17
11
2
80
16
22
14
20
1
76
55
65
76
76
95
65
47
97
82
89
35
33
79
41
39
41
75
18
40
14
62
34
59
31
14
71
53
63
15
79
42
79
93
81
25
72
97
32
51
57
26
65
86
97
69
87
86
90
96
87
11
57
65
58
32
59
68
44
88
93
23
7
32
80
58
6
88
64
70
61
43
83
37
62
37
53
8
56
6
17
78
84
49
51
22
65
76
43
13
75
37
89
28
13
86
36
73
48
83
35
67
78
15
77
27
43
51
34
8
36
79
68
1
61
41
16
33
36
37
6
91
88
32
64
62
8
19
50
54
91
7
100
5
20
18
88
98
69
68
67
91
75
76
33
34
9
31
64
73
97
84
33
17
38
47
48
65
75
59
12
20
80
88
88
24
67
84
3
80
27
30
27
25
99
83
78
85
31
74
32
82
62
77
62
80
53
99
94
65
84
88
45
71
90
80
24
49
79
30
63
75
95
35
44
17
99
16
66
93
61
17
100
31
5
5
71
44
40
88
6
6
19
98
59
27
9
95
13
89
19
62
34
11
68
86
69
39
71
44
39
3
16
41
87
27
68
23
98
37
50
91
71
8
25
46
79
76
3
9
6
81
90
35
97
59
67
39
38
51
39
25
43
43
47
44
29
77
41
92
64
78
64
79
100
37
87
89
56
31
45
16
93
69
75
43
16
16
35
28
88
15
38
72
98
83
95
90
83
57
19
55
19
95
7
82
3
5
55
23
88
53
90
73
46
29
69
75
48
16
24
39
57
50
82
32
27
79
93
22
6
58
76
24
61
33
58
67
22
78
76
24
49
10
97
42
98
16
58
71
74
46
85
46
13
70
11
39
33
13
10
35
2
70
62
48
34
86
23
24
59
12
99
64
84
71
63
81
44
85
25
97
39
97
1
66
23
27
1
69
18
5
6
2
96
78
74
22
25
59
20
59
100
99
46
4
27
80
81
62
73
25
28
47
12
92
48
76
33
25
79
60
28
4
37
19
54
55
53
98
18
3
42
1
42
14
89
59
77
68
72
51
99
5
22
52
34
88
86
86
67
38
91
92
42
48
19
35
71
64
11
80
79
49
64
68
39
68
88
49
99
58
85
71
89
95
30
73
8
67
70
42
26
87
16
87
21
50
46
2
68
67
87
17
45
59
24
71
5
98
20
32
26
26
23
35
18
22
76
97
59
87
62
39
54
6
4
37
45
63
34
57
71
92
81
46
50
28
60
34
51
96
25
98
67
72
97
15
69
53
40
97
16
2
43
30
4
74
15
97
35
29
44
67
77
22
19
23
29
59
90
9
19
44
63
24
99
53
1
16
24
25
80
49
88
68
53
62
38
60
19
75
83
15
8
82
50
80
40
1
64
96
30
4
69
37
49
75
27
54
49
65
28
39
47
99
9
34
21
38
60
84
47
61
32
65
15
55
96
41
88
32
76
71
7
33
15
77
6
69
67
77
99
33
82
85
22
56
41
28
27
44
25
20
57
27
90
26
16
12
28
25
79
15
74
99
87
97
81
71
5
79
91
71
41
77
64
5
5
3
29
72
86
91
26
74
48
30
38
2
79
58
58
39
80
28
80
7
15
73
83
93
56
6
63
3
95
56
88
67
85
58
51
76
3
3
59
23
49
21
13
83
98
63
63
50
72
78
51
9
36
8
85
10
53
78
62
89
90
37
96
69
50
7
52
69
19
64
42
29
9
42
18
14
47
46
65
50
19
24
83
17
40
14
47
31
53
99
67
93
1
24
56
88
4
100
34
72
28
84
95
50
90
60
73
8
32
49
58
65
39
53
34
8
9
87
6
1
5
46
92
74
83
30
4
5
79
52
58
69
86
50
32
94
79
25
36
72
5
67
51
57
67
94
57
39
1
34
9
43
34
17
87
82
70
33
63
99
14
20
19
27
71
57
73
89
27
64
66
40
37
72
53
13
25
79
52
13
32
62
15
29
80
35
18
15
62
92
52
96
83
59
23
57
65
92
80
96
16
15
40
48
51
89
99
4
100
96
68
22
8
1
82
24
49
87
63
11
67
62
66
28
43
37
41
67
38
55
94
56
58
78
75
55
35
5
39
65
20
81
44
4
78
19
7
34
89
5
71
100
91
5
41
36
20
21
94
24
28
61
2
28
24
38
62
25
35
28
85
16
81
59
5
27
16
37
99
46
12
31
77
60
20
41
64
60
30
37
38
40
10
24
71
79
26
58
11
84
89
47
77
9
31
16
5
12
27
10
41
27
99
29
53
23
83
55
98
62
8
9
21
12
9
48
78
25
89
9
66
63
23
52
50
66
27
23
3
71
43
57
61
72
44
18
65
21
8
50
88
5
40
12
60
38
55
66
82
89
5
74
92
16
83
51
84
14
25
20
84
85
91
52
63
42
9
9
88
95
19
13
3
32
65
79
35
23
4
62
29
53
15
75
52
55
95
24
56
30
71
86
36
14
98
63
29
5
34
74
65
2
28
57
70
73
77
4
32
36
78
24
30
40
44
26
89
13
27
25
69
14
19
87
20
24
73
33
96
17
38
7
82
99
80
13
75
20
33
25
74
35
14
58
13
99
49
86
5
10
22
87
27
100
49
19
82
66
26
17
30
40
22
82
58
27
93
64
30
36
79
67
76
49
68
10
75
74
34
75
24
23
22
74
1
93
91
37
16
58
74
6
90
43
8
53
25
90
1
27
9
16
53
29
99
53
5
57
97
90
89
38
57