6147 4675
100
93
36
68
81
15
45
8
2
27
74
53
61
71
27
20
25
3
8
76
47
85
74
64
60
69
38
58
8
32
65
1
79
47
53
85
55
67
95
83
71
87
15
47
47
93
53
62
8
98
51
58
89
69
26
31
88
58
3
2
21
22
83
87
30
19
41
62
65
79
71
71
51
5
23
6
5
47
61
39
88
65
16
89
21
85
85
35
21
84
46
28
39
67
80
41
95
40
37
54
34
63
37
48
94
38
33
64
81
54
46
42
62
28
36
32
43
87
66
32
44
30
5
79
82
25
94
55
84
33
84
83
43
3
11
36
99
19
42
63
98
58
84
58
15
13
60
62
46
71
60
95
53
1
2
96
13
19
77
87
99
17
7
81
61
58
67
83
63
36
60
14
12
19
96
69
6
59
29
57
55
96
3
86
67
15
35
63
28
52
71
40
62
99
42
38
10
52
60
43
88
46
22
9
15
74
83
25
28
88
39
81
60
17
22
11
9
82
93
30
41
97
16
6
84
33
64
51
70
51
83
25
32
71
33
14
93
27
98
15
21
7
41
53
23
52
81
58
24
38
33
14
4
95
19
82
29
41
1
98
38
75
31
95
6
80
87
92
17
46
73
14
8
41
60
69
69
65
21
60
89
47
39
17
86
43
17
47
74
41
21
94
73
92
20
26
96
38
94
67
29
75
14
7
32
32
95
98
62
31
71
47
75
31
77
78
6
99
39
19
77
12
76
58
3
86
71
68
3
98
80
67
72
29
23
67
83
94
81
89
15
86
90
46
15
38
53
77
83
2
31
70
49
80
73
78
85
8
66
58
28
97
90
27
73
36
56
84
28
57
7
65
9
33
42
43
46
45
1
48
32
73
73
56
61
21
21
64
77
35
6
25
5
43
89
73
65
84
54
38
20
87
88
6
55
22
38
38
63
9
87
50
31
31
66
51
71
17
23
12
38
6
62
29
15
60
64
48
31
59
24
18
33
4
2
13
15
70
31
7
23
55
58
26
49
33
81
64
42
21
61
8
9
63
24
96
33
28
59
40
58
44
82
94
54
12
71
63
62
53
81
9
47
79
15
40
99
82
9
98
4
51
28
95
1
70
40
34
94
61
98
44
58
43
18
34
49
39
21
12
13
35
24
39
92
61
34
47
62
13
25
30
56
43
33
42
82
53
70
22
34
9
69
60
95
32
80
70
15
17
74
6
41
73
25
50
66
50
76
19
35
5
47
72
99
19
58
76
34
59
49
46
84
66
26
31
29
24
63
33
28
12
52
46
33
47
92
61
91
70
16
66
80
49
14
24
33
93
35
54
1
31
29
30
81
52
68
95
11
68
93
93
76
86
98
49
64
6
28
67
48
87
65
98
79
8
25
61
17
95
25
43
90
59
10
76
45
35
19
8
98
10
75
71
88
70
85
64
93
80
31
87
91
90
95
98
79
38
33
89
77
80
17
19
53
57
28
51
64
6
52
77
13
8
26
83
73
67
73
18
8
41
46
44
67
64
18
56
83
45
80
40
46
17
86
67
33
19
75
7
62
10
47
1
97
55
60
23
7
71
1
37
60
20
61
1
87
21
63
34
7
26
14
20
2
8
46
26
2
12
67
12
98
24
61
93
63
46
65
56
32
34
67
97
41
93
91
19
58
68
71
8
55
16
77
43
6
20
15
17
22
88
84
79
88
45
23
13
41
78
20
53
35
15
16
70
85
6
19
37
56
58
35
98
37
75
83
85
97
100
45
13
41
96
10
15
62
23
15
1
73
39
50
62
52
75
97
71
26
78
64
60
36
98
11
83
56
73
95
51
1
86
42
78
100
4
28
85
85
44
42
50
62
49
68
38
24
100
91
63
100
75
56
14
10
47
79
28
93
67
78
75
43
27
61
84
5
39
21
42
97
56
68
9
3
27
50
13
29
55
79
45
26
46
85
32
28
48
57
31
31
69
12
60
73
24
18
2
100
3
59
51
86
53
44
48
26
81
59
69
35
13
76
77
94
28
88
69
18
84
41
89
35
35
97
55
24
20
5
2
21
65
96
24
97
54
9
86
44
97
20
22
38
79
70
61
92
32
24
63
60
45
13
27
31
89
40
39
34
61
40
33
64
10
65
61
9
24
77
53
23
6
99
60
43
49
8
39
55
52
38
32
20
36
76
73
44
81
66
80
26
85
89
5
87
3
75
69
2
67
72
49
18
26
73
10
32
54
98
86
63
13
87
64
69
4
58
5
88
14
98
55
19
65
13
67
30
88
59
44
27
9
83
22
2
67
34
70
83
47
51
14
40
96
68
52
1
58
96
72
43
72
98
10
24
75
98
68
86
87
71
17
42
70
95
43
41
17
33
5
28
33
72
82
93
21
43
39
7
49
12
83
94
22
10
73
7
42
33
28
65
86
76
42
40
29
22
11
74
77
14
96
5
81
53
43
25
87
38
44
67
51
66
8
31
69
55
64
40
88
17
51
47
12
86
61
1
82
55
59
71
33
39
51
79
72
63
26
32
37
88
51
29
47
81
15
78
43
85
93
59
10
94
15
52
63
52
77
7
11
41
68
16
30
45
27
30
86
50
9
69
38
29
23
70
11
33
71
66
98
69
17
55
77
73
21
8
13
16
14
16
77
75
94
94
9
64
18
29
68
65
31
26
91
63
15
12
43
78
83
35
28
24
1
63
60
54
72
85
57
62
71
100
22
14
78
50
76
96
29
35
42
80
99
4
3
87
39
78
79
96
37
69
41
77
82
67
29
75
62
38
59
42
52
1
23
46
11
42
87
9
89
60
47
31
60
92
83
59
82
50
65
74
99
73
36
31
47
45
82
94
40
12
1
23
69
38
39
6
3
72
47
78
86
16
99
76
43
5
28
51
18
77
90
39
43
55
45
35
98
5
68
73
71
12
31
73
45
58
100
6
72
5
9
38
46
28
19
37
21
98
72
55
48
97
1
54
8
36
58
98
50
51
94
87
62
85
63
33
100
63
6
37
46
31
71
51
66
20
7
2
16
65
23
18
3
31
93
25
73
75
66
60
94
93
40
94
40
41
100
55
78
87
17
97
27
9
88
36
98
28
65
57
20
29
69
53
28
61
86
55
17
48
78
46
98
40
49
7
62
70
40
43
32
19
78
39
57
67
40
63
79
22
58
97
99
83
72
51
64
12
10
64
67
73
76
95
85
54
54
10
12
45
24
48
11
11
43
23
67
28
31
11
76
1
61
6
66
65
68
51
77
66
23
72
73
95
98
72
42
17
31
81
68
44
97
7
31
94
16
98
66
1
99
81
24
49
1
97
29
58
86
12
94
25
50
60
99
60
17
89
88
21
95
28
59
5
73
48
26
89
5
57
10
6
60
35
56
30
74
94
24
51
63
6
72
98
4
77
83
74
74
17
43
71
27
100
80
49
43
4
53
13
60
96
49
33
33
86
49
81
94
81
89
44
27
11
51
41
67
90
91
26
25
18
52
89
5
28
14
89
68
2
81
87
36
59
83
59
42
84
61
29
76
16
85
31
45
4
70
23
3
93
39
11
76
58
82
52
18
92
50
33
83
56
55
49
89
85
79
74
43
69
43
79
67
13
65
92
69
51
91
4
91
44
16
16
44
3
78
29
37
27
58
52
49
55
24
31
65
45
89
20
61
31
8
3
46
67
95
76
26
25
1
17
23
59
65
100
80
56
25
40
63
93
12
99
7
58
15
8
59
23
43
92
74
14
100
39
5
79
15
15
51
1
86
25
51
97
76
31
74
97
27
81
46
20
65
6
11
17
72
16
63
33
83
61
1
99
34
13
89
86
52
88
49
41
22
4
33
53
16
10
8
42
96
33
88
17
97
69
25
97
5
88
16
90
11
55
9
99
13
83
39
71
73
55
74
55
9
97
31
29
20
53
32
6
79
79
65
58
32
40
49
80
85
8
31
91
36
99
20
59
57
31
80
64
36
99
67
83
88
84
97
94
16
59
87
29
76
30
48
20
16
5
100
95
82
44
13
67
92
89
69
71
48
10
65
75
12
62
98
87
43
55
96
94
8
4
83
33
48
72
11
34
86
77
44
55
61
93
96
3
37
18
84
44
74
8
66
90
15
100
84
52
37
70
33
100
15
70
44
43
82
22
52
49
22
60
24
93
26
67
25
71
28
20
21
76
76
26
12
2
35
53
76
67
23
63
36
20
81
29
99
40
99
15
9
31
2
12
22
17
30
62
57
85
39
6
7
90
10
14
41
48
31
42
59
51
16
20
61
16
46
10
74
14
13
13
29
75
20
53
62
97
15
88
41
66
15
48
32
3
99
91
93
82
21
53
21
50
70
82
39
66
71
60
34
43
17
70
44
97
17
64
46
96
3
79
10
19
50
56
67
13
82
47
78
13
95
62
26
9
77
74
60
51
20
61
25
3
80
44
50
94
72
54
98
52
15
94
86
12
33
87
54
39
1
71
56
71
73
26
100
8
31
63
96
52
37
93
29
14
69
86
83
47
57
82
6
59
90
72
25
99
45
97
76
67
100
49
48
31
4
7
66
43
54
65
47
59
77
98
22
77
27
68
24
34
4
78
74
100
90
40
18
89
98
73
44
33
64
41
59
77
62
62
7
88
90
62
99
43
37
77
21
44
47
90
87
44
36
64
99
39
59
43
31
17
86
56
58
46
23
30
3
85
72
75
16
9
49
80
16
10
26
49
78
84
25
80
76
65
5
76
95
97
53
63
63
99
73
44
88
24
7
15
14
56
73
99
50
60
90
65
35
16
21
62
82
55
83
83
58
73
64
52
73
9
94
69
23
77
24
26
72
73
2
49
39
6
70
37
86
9
87
71
19
84
23
27
88
65
75
48
21
40
84
70
83
63
86
10
99
62
66
47
31
40
36
18
70
41
73
33
57
84
99
5
46
23
42
3
85
3
93
15
80
100
5
16
82
17
23
25
28
53
32
7
6
22
7
57
7
37
13
89
10
38
16
28
26
85
83
80
2
68
95
62
9
93
84
15
72
53
49
82
70
11
81
27
29
18
93
51
90
87
82
32
53
35
42
10
25
31
46
56
100
22
66
25
17
41
7
8
23
53
70
2
99
97
58
59
47
32
21
62
54
74
66
98
84
57
5
45
37
46
9
86
38
92
33
23
95
47
56
48
29
96
45
62
87
29
38
38
72
78
65
32
6
71
74
79
93
21
48
76
61
80
55
4
70
38
78
74
100
49
96
54
33
22
33
7
95
71
76
45
88
67
89
20
39
2
30
73
81
41
18
70
55
88
37
56
12
43
94
100
31
14
58
59
37
44
26
49
16
49
75
53
87
58
41
27
90
24
25
38
3
64
15
60
18
27
69
36
53
48
16
11
87
52
28
52
80
45
7
99
75
5
88
15
37
11
82
46
81
100
58
42
95
82
51
82
11
45
44
8
96
33
11
68
23
14
48
77
89
15
66
8
53
51
18
53
75
66
99
1
8
33
39
80
14
81
16
70
46
93
62
89
25
38
30
29
42
83
23
79
88
4
97
52
8
14
61
78
16
89
34
85
39
69
57
97
52
9
47
33
81
6
85
83
16
19
92
15
24
95
100
74
3
41
90
17
39
92
9
23
90
40
66
49
8
80
6
80
44
52
93
53
45
88
88
24
73
4
37
30
16
37
88
18
50
51
91
26
97
68
8
1
17
29
45
76
16
82
61
81
90
59
58
63
96
4
73
82
21
85
64
34
42
69
24
91
51
2
17
31
1
46
79
19
26
72
69
51
85
2
7
72
9
13
54
47
31
94
48
62
56
72
66
16
87
51
92
7
79
16
56
19
6
63
4
84
33
49
84
58
35
40
81
57
16
25
60
89
10
12
47
19
79
32
2
43
51
95
37
48
46
35
51
28
65
49
85
75
30
66
26
61
44
4
61
92
66
53
37
38
46
98
68
61
38
68
80
75
97
47
27
69
48
39
15
46
69
65
6
61
81
50
56
17
30
34
84
30
32
12
9
24
95
12
53
7
1
23
62
8
12
88
32
40
40
87
36
44
70
69
70
77
9
17
88
68
34
91
35
85
12
6
97
33
82
9
22
34
17
84
18
15
30
81
65
71
36
45
1
18
88
82
83
49
47
99
15
94
54
86
28
70
67
19
84
83
35
84
17
35
40
2
28
43
83
47
56
51
28
70
87
46
62
62
55
29
98
17
60
1
69
45
10
66
50
57
80
69
56
60
64
84
62
98
74
20
52
59
41
55
20
66
1
1
47
52
39
80
11
100
55
41
22
67
29
28
20
39
14
8
100
37
19
6
100
1
68
15
68
24
50
3
26
4
52
15
2
81
19
65
4
82
18
38
69
2
54
90
79
38
85
96
85
86
4
11
40
9
21
80
55
76
69
6
19
31
7
49
88
12
88
58
17
49
11
7
62
1
58
5
42
61
34
1
73
13
26
24
30
26
67
24
99
23
17
13
51
100
14
6
7
20
42
21
1
70
24
90
38
17
61
5
80
40
85
68
31
30
62
49
64
34
54
80
45
3
91
64
47
35
94
11
3
32
67
27
51
38
80
17
67
86
89
13
5
41
11
18
95
45
39
10
90
16
92
48
15
27
46
94
63
59
87
47
74
56
15
35
58
13
95
3
52
40
54
42
49
3
47
59
81
56
76
37
77
8
92
25
44
64
91
2
96
94
18
50
21
52
68
99
44
32
21
9
47
57
17
58
27
87
31
7
96
34
86
23
73
57
20
28
65
6
31
80
69
31
90
100
1
96
76
63
84
3
32
4
47
46
2
31
26
49
42
59
21
50
9
25
84
49
52
6
17
49
55
41
60
55
88
61
47
52
19
35
78
11
36
100
86
58
34
9
95
18
28
5
99
81
68
42
65
10
82
46
51
77
28
5
69
9
35
62
97
83
36
11
58
81
21
50
51
43
5
3
99
76
99
87
51
7
6
56
28
89
92
21
92
40
76
95
92
100
69
75
74
58
54
13
89
66
98
69
6
100
56
35
32
77
39
90
79
51
96
76
33
2
37
39
36
39
57
15
9
49
14
71
71
2
86
34
82
82
93
41
19
41
9
94
1
2
58
88
46
67
14
28
73
61
58
71
100
6
7
68
93
78
76
7
73
21
69
1
21
72
56
32
93
25
92
85
66
84
33
29
93
87
72
94
8
45
70
95
47
16
17
59
11
57
33
76
38
72
49
59
65
22
22
93
27
17
10
3
62
98
6
43
99
77
47
34
12
22
74
56
6
51
50
46
38
53
1
48
31
18
76
13
87
6
16
17
88
68
71
20
83
21
75
89
29
32
54
83
68
80
44
75
65
12
98
72
64
74
86
87
37
62
57
75
61
20
74
56
22
19
74
42
29
56
81
92
31
18
28
39
13
32
43
18
33
26
77
76
97
35
38
46
75
31
57
8
35
56
19
77
89
92
94
8
58
34
90
74
19
49
79
56
91
60
4
19
26
41
12
39
17
14
44
22
25
98
60
8
11
61
88
63
10
87
34
28
46
78
18
86
9
4
37
32
78
27
67
61
27
65
37
64
53
100
45
75
57
68
44
82
25
76
31
98
6
44
28
46
46
78
32
14
55
31
9
92
94
90
2
20
59
17
73
85
32
66
80
58
8
79
99
30
28
60
14
13
59
71
51
10
74
7
14
46
79
27
38
48
57
52
89
99
24
42
78
17
40
13
52
46
95
30
45
29
58
15
1
58
51
10
77
92
65
29
89
100
64
34
31
41
71
58
15
66
15
5
37
83
19
3
3
1
71
81
2
22
97
100
84
40
58
9
16
64
70
31
25
98
50
77
17
53
32
32
63
100
50
21
71
45
9
83
47
88
74
53
100
80
85
97
97
9
34
73
64
85
67
54
82
50
31
89
57
68
33
21
18
48
87
65
28
40
9
60
10
4
9
55
99
17
91
71
71
62
63
50
27
46
6
11
72
27
22
29
18
19
80
83
25
5
46
84
8
6
98
24
51
32
90
39
66
29
58
8
12
21
2
89
39
22
21
16
8
12
62
90
42
53
67
76
25
19
85
23
16
52
48
62
33
32
80
75
42
36
37
4
41
22
92
69
20
2
95
56
82
29
55
21
60
14
79
55
14
18
41
74
25
73
38
68
7
29
42
71
96
100
37
13
68
86
95
69
66
67
80
28
63
85
22
96
81
46
56
64
17
24
60
43
24
66
60
59
44
50
49
5
15
80
49
58
65
2
19
26
89
3
41
33
8
27
5
24
16
64
10
74
75
26
67
16
52
19
8
24
70
47
4
39
13
60
97
69
89
41
34
29
85
95
99
59
38
38
25
22
81
35
50
82
36
28
32
38
31
55
73
57
57
72
63
20
56
47
100
90
68
91
43
32
62
93
40
27
41
82
68
92
4
35
43
71
17
89
90
58
73
47
74
95
91
87
42
70
98
26
67
40
16
40
39
93
55
62
49
38
60
53
33
37
91
23
83
97
13
86
100
42
89
48
83
42
92
12
30
6
55
36
1
6
29
15
18
2
62
70
78
34
75
30
39
34
71
29
55
18
84
11
53
73
16
14
78
40
23
87
39
86
78
77
62
82
25
24
41
3
99
86
90
11
77
27
39
49
89
80
70
45
100
8
26
1
98
73
72
26
36
37
77
39
30
63
78
52
78
35
92
55
42
14
39
39
89
83
92
36
52
1
18
84
75
25
66
39
47
26
2
60
94
21
90
47
41
100
36
56
20
74
54
95
27
75
17
20
18
38
94
40
71
81
58
27
27
92
53
90
4
32
58
97
69
84
89
27
75
38
49
6
48
67
13
25
55
84
8
24
88
58
77
93
94
42
72
84
95
32
66
27
6
74
98
46
62
77
97
90
60
41
68
87
81
79
57
11
23
35
54
42
9
17
43
17
92
39
47
39
72
63
44
55
63
84
44
59
51
88
70
72
70
83
68
94
22
73
69
22
77
37
13
48
79
39
16
64
29
62
31
43
6
38
73
49
59
40
83
43
96
79
39
50
15
76
98
55
50
36
64
69
94
87
26
59
34
49
81
98
20
67
18
19
56
58
87
59
21
6
35
6
94
1
16
32
12
55
91
74
58
55
98
51
2
31
3
95
15
86
27
9
92
48
41
21
83
75
96
34
46
12
47
49
35
9
12
92
60
1
95
72
61
62
8
31
33
44
10
74
69
79
73
35
37
100
78
5
89
61
50
23
46
16
91
17
97
97
70
38
47
23
20
76
84
26
26
64
47
4
41
85
41
81
77
75
89
27
81
83
71
44
46
52
56
25
100
89
71
29
67
36
23
98
16
43
100
72
99
95
25
40
75
6
55
17
66
94
45
82
91
37
74
51
87
73
22
38
44
62
74
7
79
76
13
6
88
7
35
71
32
52
67
100
22
96
13
75
13
99
35
48
66
97
51
64
9
90
5
89
55
84
61
14
84
71
36
91
3
31
58
26
94
47
7
81
24
62
12
77
44
55
87
100
58
34
14
95
86
73
2
94
65
22
94
15
55
67
55
3
63
28
86
55
20
99
48
81
87
8
33
30
99
51
35
94
23
43
27
14
35
82
39
62
47
89
58
44
57
41
68
44
91
88
6
45
99
72
55
43
17
3
57
81
38
89
53
14
89
8
10
57
73
23
76
68
66
32
9
26
14
51
61
34
92
28
92
8
4
64
18
12
17
78
53
100
75
95
72
22
8
1
26
66
89
68
66
33
17
12
18
71
66
23
97
93
40
62
49
93
73
22
99
30
82
50
34
64
1
24
52
95
30
63
57
76
73
43
12
100
95
48
54
29
38
28
92
21
74
27
43
68
26
63
67
3
18
46
48
22
92
15
68
86
71
12
92
28
50
68
36
21
68
35
30
64
75
78
77
97
27
77
56
26
98
18
86
97
60
5
78
82
91
48
73
38
41
14
8
83
43
22
36
38
83
70
37
44
15
44
42
2
3
100
24
47
59
93
41
37
85
76
55
2
92
10
82
51
54
23
90
98
28
5
5
84
32
6
90
30
57
46
39
74
13
47
61
84
44
30
81
38
39
34
63
5
80
56
16
84
61
42
33
34
29
64
4
87
79
78
66
46
89
34
54
91
20
4
54
99
77
54
1
77
46
89
33
27
21
91
79
18
85
43
24
41
41
27
62
13
37
73
22
9
46
85
38
45
63
90
29
31
19
45
42
77
99
41
48
19
88
71
43
19
86
92
83
70
11
41
14
45
75
40
12
9
43
57
92
21
8
16
52
45
10
85
10
44
40
67
22
7
75
38
33
8
11
87
84
12
77
25
82
14
34
11
14
21
74
70
42
90
10
94
8
23
2
6
69
7
95
46
41
83
81
40
23
85
76
28
90
26
59
42
63
8
70
24
18
20
15
12
78
58
14
7
56
16
59
46
73
98
4
35
55
43
33
53
98
89
75
88
10
42
62
47
55
20
6
44
42
62
53
21
54
95
82
33
68
7
1
41
100
47
76
83
59
30
69
68
76
12
82
4
71
20
52
32
35
82
97
12
37
51
26
76
76
20
78
4
39
45
17
76
33
59
99
4
96
56
21
37
9
69
67
15
88
20
32
35