1000
721
852
215
256
629
552
284
259
705
880
923
284
21
480
483
321
823
549
793
958
695
968
11
215
810
351
491
32
964
47
915
628
21
660
512
523
13
945
711
590
34
767
662
727
950
718
809
295
854
126
98
30
483
898
101
122
61
942
671
544
835
587
267
675
413
812
237
485
70
422
777
373
661
538
494
912
320
921
882
55
877
990
663
113
86
186
311
676
447
743
654
806
639
705
920
939
542
877
369
104
613
299
77
210
319
141
902
339
155
984
820
105
887
411
602
826
799
673
525
949
186
941
441
949
191
315
238
983
509
57
638
506
872
800
963
314
784
82
948
968
431
531
131
966
903
712
390
279
400
484
56
519
696
816
648
927
554
987
347
686
355
926
295
493
366
954
519
591
420
860
228
372
452
297
283
628
780
842
527
685
390
540
890
627
713
297
223
51
852
779
816
133
207
823
375
872
110
11
353
46
581
979
235
505
492
674
507
959
382
38
102
479
761
385
100
335
166
516
515
446
875
332
214
101
276
805
215
196
98
373
961
706
938
715
578
570
455
660
326
709
922
585
645
265
917
309
622
81
627
421
837
284
727
854
822
543
37
552
807
155
925
994
335
164
482
450
761
23
746
119
378
93
481
655
863
707
619
964
701
608
850
388
450
458
278
886
181
340
794
334
291
38
637
614
144
813
325
682
973
556
438
302
964
585
11
164
975
548
663
594
961
754
247
34
377
92
307
468
682
337
918
98
922
856
673
998
124
267
726
598
445
258
336
928
688
422
161
680
632
845
914
46
560
446
910
877
340
574
888
18
470
899
320
196
324
543
853
178
880
993
281
839
619
434
980
566
101
669
455
917
337
603
887
855
971
651
273
214
799
464
49
885
475
807
457
886
257
56
610
374
87
304
820
69
35
110
393
786
942
458
139
210
674
981
143
901
571
348
656
204
423
671
714
433
503
657
999
93
944
712
639
945
877
802
835
504
927
285
450
239
60
517
836
928
179
625
693
997
265
331
68
119
972
86
239
881
434
962
694
682
73
51
903
123
870
466
23
616
563
769
391
295
38
599
204
141
714
580
908
636
394
571
951
510
352
864
249
471
22
639
332
243
677
60
811
765
419
436
281
298
554
826
488
939
294
152
135
151
667
305
825
488
145
15
140
203
437
596
456
79
246
918
113
985
532
814
268
752
579
822
684
736
576
178
292
774
515
628
182
378
708
985
500
851
385
904
715
941
419
588
175
66
414
494
186
613
488
710
377
152
745
229
361
858
518
684
365
185
795
244
695
301
778
134
711
635
200
777
628
493
397
300
149
602
397
804
467
976
10
313
577
395
287
323
851
104
393
694
66
81
357
281
999
739
348
891
67
131
951
85
967
357
886
620
292
438
247
201
892
408
34
474
400
847
294
387
255
512
300
532
756
477
975
195
140
104
62
67
554
240
680
739
396
195
422
211
680
330
656
976
111
695
993
656
317
694
137
223
141
138
124
767
554
491
543
69
773
404
996
238
762
599
566
326
90
399
821
165
630
811
119
711
672
306
294
738
39
406
260
864
410
714
14
419
172
407
76
377
187
541
681
972
966
100
513
23
987
329
544
866
82
356
658
732
129
650
461
988
793
424
394
569
113
490
51
701
863
304
714
738
798
263
168
401
863
452
393
112
385
313
468
51
754
240
763
206
321
318
299
29
309
776
260
27
231
868
756
415
145
320
821
802
461
854
516
713
493
490
164
406
884
375
361
474
391
951
358
818
223
579
440
724
253
637
58
47
808
243
630
573
928
119
54
773
859
960
596
561
955
511
986
779
705
762
547
203
92
95
168
540
33
433
338
813
259
809
191
51
924
73
816
797
997
280
186
675
646
208
368
358
144
498
262
284
478
310
296
602
66
721
583
402
79
86
858
597
583
686
471
783
20
337
699
103
709
716
271
359
223
829
521
415
434
579
324
203
109
415
606
124
538
492
569
704
518
247
744
239
424
292
211
967
273
204
412
577
596
614
266
658
398
929
959
140
404
376
610
622
517
923
398
810
254
512
274
398
190
709
390
448
125
272
488
875
487
835
891
310
161
418
830
67
102
385
380
733
703
507
771
664
65
436
410
391
851
985
463
44
769
429
455
773
731
759
832
566
293
348
536
98
198
70
200
29
971
678
941
643
852
583
374
143
184
79
827
345
747
968
99
766
342
454
854
862
168
164
406
208
633
876
598
399
815
190
609
697
645
88
287
992
572
844
992
987
222
74
937
632
867
219
925
368
575
385
890
819
501
730
320
420
