200
3834
4099
3890
3462
5813
5255
1665
2097
881
6331
177
7216
9151
5397
6761
5602
4604
3326
4695
4531
2827
5548
1494
4740
6984
5888
4692
2317
4306
2094
304
4702
8171
5449
5445
7487
4694
2217
9839
3506
1450
3285
8992
8763
4521
1641
3876
1759
6828
647
9487
615
55
5482
6802
6481
5041
6956
2949
4430
4633
1102
5404
1906
5566
3485
210
9732
73
4680
5591
4394
9145
2079
6982
3468
8911
9215
8807
9088
5182
9264
41
4666
356
1715
6313
7865
9619
552
2118
1354
9168
6175
3055
2145
8779
9319
4241
9216
4730
6139
4679
8515
6289
2956
1600
1350
7854
386
1008
6226
1052
4868
4896
9680
7094
2136
8894
6140
7618
7712
1842
3336
9435
8676
8411
6295
7982
3964
899
9171
5361
7036
8174
3216
9960
358
2928
3895
3914
2822
6935
2331
7962
9755
1565
8661
8811
7014
6161
526
5092
82
3391
3977
8984
9267
1406
6786
3061
6884
8615
9260
8477
3536
3870
5684
1475
3570
7226
8891
855
6840
704
1967
2507
4139
1664
9072
9094
5104
3705
8645
6964
6033
7872
4783
5771
3323
9893
3802
3684
3891
9757
2548
2975
5077
5105
3272
