1000 5
871
125
940
151
241
879
547
842
630
963
94
881
43
355
783
448
386
763
125
741
748
856
794
460
623
439
456
825
31
359
265
796
334
966
708
727
704
135
868
769
261
337
914
245
213
556
825
407
932
684
229
452
523
152
169
341
633
412
361
679
192
412
364
804
885
529
833
310
347
235
18
449
711
852
525
547
236
187
102
911
763
628
801
498
929
220
536
512
416
747
708
532
543
842
930
960
224
638
303
899
455
950
344
645
525
641
212
27
422
600
13
421
715
780
936
283
732
678
928
802
721
943
218
325
379
683
792
9
838
319
930
576
698
339
292
29
532
451
15
202
905
230
484
436
750
826
860
881
854
180
786
402
16
418
830
952
900
865
801
930
592
470
519
434
122
581
517
611
170
606
256
262
254
272
996
416
294
342
450
716
517
657
153
503
536
233
850
995
224
139
744
352
545
816
881
146
630
527
924
350
397
773
604
354
39
359
708
758
640
70
120
128
738
941
327
716
822
221
471
571
178
750
894
335
873
836
278
760
294
361
562
408
740
903
436
428
456
207
442
423
533
312
71
192
937
823
196
510
498
180
113
943
553
90
361
14
688
236
572
640
484
414
277
970
446
815
159
224
144
93
392
98
833
568
97
64
660
213
842
295
436
216
544
79
761
174
599
106
213
57
818
521
176
97
315
535
232
887
160
179
923
436
997
931
541
523
863
748
956
933
469
151
941
244
583
45
610
940
942
711
873
299
455
222
98
67
200
99
873
454
346
306
56
319
138
604
363
801
13
746
224
496
632
262
938
610
192
559
428
961
684
495
109
938
990
856
92
274
354
326
612
149
300
875
345
793
452
613
270
840
998
162
476
520
813
222
966
777
907
33
994
150
281
697
663
661
412
555
869
287
502
788
195
906
537
543
832
425
431
450
277
539
241
341
541
621
119
950
781
445
566
282
931
442
769
953
195
861
71
208
28
230
634
886
923
408
153
995
691
447
274
23
873
868
988
147
145
89
606
625
805
467
394
875
861
895
396
756
877
353
384
436
853
727
124
376
400
348
757
258
245
580
659
555
566
169
612
529
183
949
684
54
645
954
45
549
867
823
949
309
19
999
900
309
959
84
981
797
825
213
937
145
897
439
153
377
208
951
773
36
500
691
649
139
389
873
710
211
63
674
149
795
703
155
344
954
881
879
680
606
945
707
176
951
740
964
156
108
236
158
445
920
242
271
220
953
729
334
985
617
650
533
454
255
710
592
964
641
331
711
516
942
567
567
448
418
37
51
902
172
141
30
896
965
570
248
555
268
426
888
814
437
674
938
53
13
22
632
387
47
45
202
127
778
611
935
246
787
141
325
31
247
601
22
473
500
451
449
358
988
456
422
325
721
239
796
159
78
109
754
180
346
221
316
318
589
360
444
201
738
51
802
937
703
779
141
706
87
408
683
164
273
234
683
161
406
929
779
352
610
608
700
665
632
807
459
17
549
82
185
273
255
101
819
920
919
500
593
691
186
644
919
717
243
732
499
143
865
673
942
595
493
154
696
478
94
474
1000
188
340
84
599
822
440
728
655
806
669
862
517
497
477
922
272
764
56
664
423
950
712
735
898
984
178
92
537
208
17
830
637
327
715
716
738
400
214
101
218
32
201
876
859
135
98
242
580
144
718
255
583
617
699
313
237
697
766
323
451
314
103
445
52
460
495
136
216
691
230
819
385
931
362
849
523
181
2
554
77
283
87
618
11
7
502
320
712
34
363
717
380
607
562
171
853
975
564
983
573
868
987
271
854
468
542
66
398
733
560
516
236
928
914
888
226
472
810
173
225
148
55
212
217
646
790
457
396
93
669
992
257
515
769
416
98
249
971
501
327
975
498
700
712
447
159
89
202
434
155
295
711
478
972
618
49
190
88
991
975
738
428
818
121
550
683
498
964
748
373
928
459
482
277
128
367
113
753
413
967
862
490
393
456
107
744
937
887
736
384
201
952
162
826
158
510
101
909
48
423
192
910
324
840
968
783
202
565
698
326
941
725
713
829
967
213
227
833
93
388
795
203
891
42
26
885
249
756
529
468
315
63
265
61
602
346
367
553
356
788
125
529
625
684
533
562
755
818
526
849
735
447
697
369
310
621
302
975
663
996
95
888
266
504
514
289
779
165
23
265
497
656
423
94
407
552
486
417
699
768
471
555
351
607
46
961
909
350
779
594
611
557
389
605
990
428
887
374
603
355
585
986
42
168
767
129
798
650
943
584
176
310
961
928
628
646
676
593
632
287
994
320
