960 13 3
312
0
247
831
779
235
182
0
918
64
930
767
378
0
452
472
799
233
585
0
880
493
793
876
192
0
141
533
591
897
529
0
28
239
814
881
207
0
590
629
445
455
903
0
42
671
664
549
748
0
626
230
96
774
730
0
554
12
973
954
829
0
269
10
743
373
918
0
598
944
55
739
868
0
416
67
463
168
268
0
968
200
200
386
394
0
512
896
992
673
119
0
910
184
842
889
686
0
798
485
350
64
555
0
559
237
513
63
371
0
425
239
701
477
607
0
742
476
724
814
282
0
13
33
556
908
275
0
948
864
366
540
989
0
30
517
901
908
484
0
428
777
7
943
732
0
384
372
298
837
729
0
477
261
982
848
520
0
65
987
993
377
407
0
291
330
568
190
785
0
35
98
155
290
79
0
370
774
403
845
422
0
819
195
28
588
228
0
597
569
921
520
462
0
810
709
276
932
439
0
476
490
108
728
565
0
55
889
292
443
968
0
275
638
85
499
974
0
515
882
754
853
483
0
341
743
125
384
172
0
200
135
320
349
106
0
943
12
574
927
5
0
608
16
136
138
411
0
401
841
268
44
884
0
92
557
160
942
759
0
767
231
683
212
490
0
493
40
456
228
961
0
426
829
546
16
15
0
414
990
572
984
310
0
356
740
348
349
681
0
911
610
464
280
405
0
153
104
410
232
329
0
79
161
164
735
443
0
106
693
690
256
292
0
140
733
508
284
337
0
969
402
794
71
761
0
425
940
553
679
865
0
184
391
313
212
328
0
349
669
669
488
800
0
135
944
272
755
582
0
280
190
37
489
540
0
994
354
208
628
31
0
574
160
670
547
431
0
313
663
41
772
729
0
391
187
364
287
629
0
356
929
174
877
525
0
113
577
564
430
499
0
875
849
103
318
187
0
134
879
677
733
116
0
530
619
752
290
670
0
977
179
546
588
565
0
53
438
531
854
556
0
915
389
927
691
602
0
609
943
649
622
477
0
257
613
419
76
686
0
940
590
892
606
75
0
217
547
849
131
319
0
926
612
64
172
39
0
35
84
967
115
801
0
687
318
782
940
451
0
934
482
745
756
182
0
606
155
180
828
726
0
102
939
811
359
412
0
120
498
198
559
357
0
897
270
55
599
799
0
124
68
886
641
716
0
673
659
253
903
301
0
109
442
878
559
459
0
197
853
858
33
934
0
976
904
51
152
413
0
700
681
284
770
508
0
584
747
719
776
846
0
609
738
624
782
942
0
151
769
420
523
119
0
402
140
925
621
397
0
349
325
468
83
649
0
54
324
513
532
426
0
71
658
38
244
204
0
48
266
64
983
713
0
991
177
357
437
711
0
146
196
161
486
88
0
624
640
347
839
11
0
974
459
47
954
6
0
837
643
737
824
925
0
460
787
326
155
71
0
421
398
283
412
955
0
840
294
918
68
196
0
331
674
509
838
368
0
737
701
415
115
573
0
839
378
165
437
869
0
539
48
784
293
342
0
675
795
898
219
685
0
31
120
750
365
382
0
466
276
574
513
904
0
165
863
403
216
142
0
942
11
441
680
489
0
537
842
479
19
433
0
316
852
858
744
230
0
563
833
268
604
1000
0
211
75
454
471
985
0
316
968
376
11
799
0
286
55
989
588
70
0
611
966
184
942
99
0
721
601
343
172
731
0
68
764
564
78
840
0
961
863
212
352
483
0
341
357
295
931
302
0
513
264
734
911
893
0
298
864
677
212
205
0
438
765
512
316
909
0
441
871
757
461
242
0
959
522
910
604
181
0
928
959
610
361
873
0
902
853
333
748
682
0
590
467
909
204
840
0
123
245
836
175
644
0
221
14
863
908
436
0
817
272
177
779
943
0
981
356
731
488
873
0
302
457
156
125
138
0
191
520
368
838
47
0
45
949
468
564
80
0
921
909
646
933
70
0
640
458
791
204
757
0
311
926
765
890
589
0
458
422
285
617
818
0
999
983
729
539
785
0
221
255
312
373
666
0
598
158
803
234
583
0
533
473
378
408
615
0
581
65
438
300
797
0
572
547
817
981
498
0
506
193
532
100
729
0
947
197
141
844
980
0
107
752
736
672
536
0
203
965
264
560
50
0
483
135
261
643
470
0
252
523
747
599
448
0
848
135
171
873
176
0
427
144
898
634
279
0
801
826
486
794
662
0
353
768
870
235
