938
4492
9179
20
9655
7177
5686
3528
4890
1608
4459
7951
538
3311
7983
641
5447
8919
4397
4037
558
9417
4989
7144
6534
7775
3519
7174
6982
757
8711
399
7243
8287
7861
2117
4895
8092
5031
7128
7034
7484
3622
7617
8452
3034
3804
7348
6928
3640
7389
4491
834
5616
4259
1082
8354
8438
19
3224
1654
4350
3855
7533
9476
1401
1182
2807
5451
188
6850
3969
7253
1599
3227
9696
5735
6659
9236
3439
9080
8548
7408
7466
561
1803
9879
1451
6761
8418
2051
547
497
6939
972
9197
6930
3305
9252
4216
3140
3222
634
9887
3837
2956
9605
7868
9345
1324
9588
4579
7734
105
1975
3080
4422
5329
6951
5953
2922
282
9235
2855
7129
3353
6734
2129
7338
3307
4948
191
6999
8312
9701
4529
3281
3440
1098
1394
1573
3880
4
4607
8321
7042
4756
4477
3907
4791
9684
3742
485
7944
9726
21
2969
5348
6152
2880
7303
591
6938
8295
6029
3650
6093
9682
7791
7696
7888
389
4254
8650
8349
2288
6010
6686
3280
7839
921
5001
8462
2446
4134
6060
4452
7919
6505
1503
1296
8836
561
2956
4064
7847
6830
7025
7909
2475
5456
1022
5977
2675
6355
7316
6880
9959
6266
1232
1196
6262
2586
1111
1321
6484
4224
8546
4718
3392
4347
3668
530
6682
532
3111
9015
5264
597
1597
3302
1245
9694
8820
4690
721
5481
2992
9382
1443
705
7004
8563
5414
5508
3530
1257
586
5667
8843
4030
674
1412
7422
4439
7285
120
4352
2241
1663
9226
8894
7687
503
6172
6317
4912
8185
9446
8868
7030
4947
2005
2740
4891
5763
3139
9931
8804
6444
8288
9986
780
1546
3700
5500
7204
709
5740
389
2339
3300
6817
5545
6286
6798
8110
281
4842
83
5541
1008
6103
1008
4707
4757
3708
3627
7690
5571
2256
6079
1979
5391
684
5841
6476
7663
9273
8825
1021
5121
491
7553
608
3867
8212
9590
2496
1675
8887
5786
4160
8700
2472
2261
8403
5323
3217
9752
3930
617
104
8644
4361
1791
7118
4013
5749
3602
9926
4400
5184
395
7086
6810
3416
1437
335
3202
8111
1343
245
5015
7794
1578
5676
9801
2185
8721
3019
9144
7630
6783
910
5884
6527
5940
414
8480
1107
5399
3321
6028
264
4821
2872
9407
1743
4020
7586
5656
1851
7186
4514
7412
4254
6978
7776
6332
6583
8188
4518
6239
9519
7511
6673
1770
3260
2908
9938
6818
9840
3581
7900
7488
6476
8801
1394
10000
4448
5605
3028
9143
3029
9533
5841
6532
8390
2744
4190
7349
8101
9381
1705
3292
6426
1987
4468
3677
8911
629
6149
4320
7344
3728
8612
7367
4768
1358
464
2477
4384
5385
2852
3098
4719
7926
8845
5992
9025
1845
8198
1775
530
4938
3919
5510
9579
6645
5256
9487
2135
1263
5466
4028
3430
8343
4384
6134
869
7946
4979
4284
8338
2528
6666
6047
820
9619
5049
9829
8488
7865
524
8664
5317
920
4003
2439
8044
1482
5659
438
6556
8486
3615
6226
3004
7941
9775
274
1651
4321
5356
9626
6072
1615
4696
2384
9236
1919
1249
2649
7640
3921
8435
5303
1876
2172
9800
8905
2173
8198
4312
2514
9017
826
1490
8787
7467
9873
6987
2901
9303
2090
4337
7701
228
1924
3053
2886
4059
1328
5546
4465
9193
7881
4745
8277
6460
2533
2500
4680
4185
1449
395
484
6192
3775
4362
5283
4608
279
877
9271
6988
758
8712
9579
2883
1436
2526
546
1703
7614
8455
2691
7642
2813
6353
5374
7148
3557
6737
40
9767
6
7496
5720
6281
6203
4395
2847
3576
6579
8346
7489
128
578
146
2221
5964
4955
603
6138
3954
1168
6932
4275
9881
7901
1899
4867
4193
5954
1672
5772
6499
4112
7897
1098
4068
714
2374
9544
344
6240
8554
1165
7345
3081
511
7202
5397
8985
5454
9332
4671
1702
3355
8317
8768
6432
3201
1329
1948
656
5058
269
865
7374
6469
4737
8778
5567
9052
2274
5891
9870
2705
1672
6315
1610
7143
5023
6071
7399
7745
4962
3447
9124
4235
3617
2126
7405
3344
5405
9161
9914
6457
6331
40
9452
2328
6703
6211
7292
7706
7177
267
97
8999
1803
3019
9225
500
838
6438
3184
6829
6740
5822
9235
5343
9488
945
7904
6061
3417
8885
4649
2389
8656
8522
5864
2573
9801
9377
2426
456
8491
217
3408
45
7674
1758
9315
7343
7829
1729
1485
8291
9350
5521
6655
7274
4522
4078
4999
4829
6498
2479
2869
750
9783
9630
7660
277
6130
6728
6971
5837
9403
2491
2301
4805
2930
6696
2668
2122
6539
5668
7658
4650
5723
9052
8082
2192
6791
7845
5001
4128
843
7102
5797
10
282
8507
5456
3929
4534
6307
7719
7848
3530
9348
4055
5956
6583
5797
4513
1758
475
1646
7503
6472
6921
3673
5256
5506
5239
8104
5044
1990
9753
2277
7058
8423
9758
7304
9894
7106
329
1425
1646
3820
5973
8687
8560
5505
6908
190
1222
7367
6601
60
5995
8185
5953
1186
5601
5328
5031
560
3638
3882
7132
4389
1391
4812
4669
904
9611
9483
8364
1108
3392
4786
6183
9398
2595
9468
4834
9378
2276
4572
8582
3590
1972
2401
6657
6189
5735
3295
7769
2163
6073
7407
9932
5361
8666
4170
7768
9714
3673
1717
8388
8085
9618
8047
8780
5419
1424
4605
3089
8754
6084
7799
7180
7996
2999
2018
4192
3293
9141
9864
4160
9911
2930
5254
3465
223
2579
2837
5935
9203
8796
519
5134
222
7249
6659
5987
8828
7088
9190
3546
5949
3180
9615
5338
2173
9549
8303
2218
8710
111
8136
