10000
1784
6053
5405
3612
5037
3408
2545
7644
957
1106
2488
8421
5287
8158
3377
2104
4570
718
4609
9048
2296
947
4364
7640
2858
9485
1803
9829
5267
9819
9885
3006
6761
4075
6758
9372
2487
4723
6681
6929
8029
7526
9999
2571
8038
6774
1463
1513
1495
3737
5552
5155
1206
6790
220
550
2529
3339
6589
8477
5375
8989
9499
4879
5426
6630
7167
5426
4096
650
2278
1692
8479
1146
5825
7825
5288
3288
2527
6006
753
6679
4399
1851
7545
245
4069
9705
9040
5655
4096
7282
7334
7333
6542
2939
7435
1188
2928
1164
627
7405
2192
8570
7452
4612
7968
3099
7258
6573
7408
3741
3313
1210
7317
2050
2760
1917
7949
5477
8435
6467
4267
9107
8447
3868
2175
4484
641
7646
3947
9994
308
7878
5626
6856
7073
5358
3829
7462
1112
2936
5981
4781
2577
2205
136
597
4267
6828
4922
6934
2554
461
7707
2938
9617
7609
6812
9839
896
6376
9518
6208
5746
159
6785
1752
9129
807
9639
1575
3130
8919
1921
949
8380
9684
302
9055
5563
4692
8774
4229
3752
7294
7692
4977
7104
7633
1123
3971
918
6286
128
348
7889
7963
2323
1921
6086
8386
7343
3948
3517
7180
1685
7556
2358
2971
8652
2041
1358
3714
9146
8980
1503
644
785
7006
7209
33
5892
6831
4663
5215
3718
450
7726
5432
1700
1617
7118
1681
5563
3717
1636
449
3569
7390
574
4307
5001
388
3069
4878
7926
9583
7475
2648
5041
6609
3815
1732
3208
4768
323
9503
9177
376
3682
5494
6326
5244
5205
2814
8076
3602
591
9711
1974
8509
4685
5132
4943
984
7395
4460
1135
2696
7585
5553
8071
4974
8929
8774
2093
6052
1988
2384
7714
4698
2534
3418
8371
5057
6670
3272
9113
8045
8641
34
3186
470
1026
5733
145
8717
8897
6289
8567
9583
6913
9259
9454
1500
7709
3164
5636
123
8144
3699
3609
1781
7906
3089
8311
2316
5250
201
9789
5149
6374
3306
186
3969
5575
1489
9743
5980
630
2461
6481
6216
6770
7198
911
6542
3396
4911
4332
5950
2426
2479
7929
7305
3547
1659
8674
291
2655
283
2652
2781
3312
9777
7285
4182
9247
7356
3625
8587
8446
8884
8487
1034
7355
5759
341
7225
4723
358
2713
53
7698
4097
932
9346
9326
1958
3773
1195
9572
4916
2626
5585
8835
9840
7788
6860
2074
2666
5118
157
8599
8186
6937
9531
9253
5954
9507
7009
6015
7525
6930
4086
6584
7889
438
7715
983
3153
6546
5337
7969
918
5521
4498
7520
4509
2985
6131
7525
1050
8475
5514
4929
8177
2732
9744
7807
3051
1719
756
3043
9012
545
5476
1954
2493
782
8370
4020
1221
6579
8555
2283
1978
8842
6181
7985
1441
8951
1088
3900
8325
7005
5825
8923
9091
7783
4942
4723
7619
3953
2276
5299
3360
9581
811
7921
3499
1298
97
6487
3664
569
1735
8480
5969
3419
657
7793
7867
7283
5605
1303
7715
5526
8732
5826
9822
7123
4156
2660
7374
2619
1112
3291
4239
3501
3188
8752
7526
6130
5098
6749
548
9671
9240
8638
4517
4942
1260
8887
1986
7676
3433
2004
7718
9079
9621
6452
8162
670
7741
959
8075
2233
9912
9120
1202
8202
9639
9499
9978
4677
8727
8018
6221
562
2986
1842
1046
3380
8964
5746
4949
3192
8018
5811
2012
7293
4165
2935
6126
5169
4541
3016
7053
5511
7380
5990
412
6574
665
9633
4837
6298
1817
8124
749
1486
8527
7262
6339
6797
9476
8666
7834
4733
1799
9486
7976
257
709
9674
8441
1611
825
9623
6065
6830
1562
3809
8335
6135
233
5817
3568
5913
604
9724
9060
6618
6831
9810
6534
2547
1152
2697
227
6592
24
253
8228
3922
1793
1052
3400
6470
2957
3815
6215
9200
4150
134
120
1800
1417
8642
5870
4213
9058
1425
634
6517
7785
4757
2956
4504
9518
8923
7827
5006
4993
382
5267
919
3286
5931
6274
8138
6976
3074
7026
1291
7775
2406
6990
2332
3246
5626
2670
5500
2026
8062
5978
7519
4927
172
753
875
2431
8000
2339
2678
5954
7812
3581
9690
4873
4619
7918
885
8202
3358
7570
5186
5714
550
254
5653
8804
1394
9861
7613
2522
690
9503
278
7919
7156
1293
8339
3003
5618
7278
9217
3379
7468
6253
4628
5894
9179
5296
3436
5735
4729
372
5923
430
427
5943
7453
9450
7841
8190
1954
1386
8074
1792
4759
3007
3021
8608
2486
2183
672
3217
6909
6322
2474
9143
2635
508
4942
3302
5921
3156
5681
3685
2507
6236
333
7122
8204
9320
6757
670
7728
1344
1083
1727
4235
2295
148
4174
5089
1652
7146
5680
7190
2935
5249
4924
1344
627
6995
1336
1216
7160
6669
1464
1869
5388
7076
6799
8878
2823
8215
1149
4594
9756
5035
144
76
1727
1538
5070
1639
8303
6080
3611
9793
2050
799
902
5827
6914
8919
8624
4576
7424
3530
9325
297
6393
1884
6740
442
4363
7485
8220
6501
8
7581
9976
4580
5595
3281
3968
6613
4051
2084
2597
5956
8188
5412
8307
4265
8825
776
1389
4156
6593
2030
2863
7710
6206
6914
437
4936
3492
260
473
9504
7388
1149
1828
4801
6378
7950
3227
7871
1072
9809
4318
2508
4222
8166
8557
3030
8001
5004
3806
7846
7248
648
2271
9853
5622
2438
7750
6936
1704
2311
1794
8419
5017
8782
5277
8638
7295
4069
27
7972
2870
79
2351
368
2425
6840
4668
6199
6652
6539
8124
5742
3809
6907
5576
698
9209
9025
962
4227
9533
4109
2756
87
6495
2442
2846
2123
8613
344
6941
3291
7967
5706
6299
7294
3912
2572
7554
1330
701
3374
5856
123
9983
4104
927
4521
4439
3979
8287
471
1005
6105
2737
9191
3074
1893
2447
1413
8428
1499
1646
4857
6524
9112
9805
7834
5411
3169
5235
9158
9830
4047
7553
9100
3466
349
4536
6366
8234
9025
9489
6828
7370
517
6485
547
8127
548
5464
8487
4577
8563
4854
2028
1560
3745
7711
8078
5251
7701
9047
32
300
7037
57
7593
4548
4218
1399
7519
7225
6119
2552
6859
8868
818
5062
5810
879
569
6240
9643
7934
1120
5510
8620
505
6896
8323
4415
1312
7600
6383
5389
1137
6041
6588
6331
7439
4550
1889
9103
9088
1232
9903
1943
5140
9280
2732
4738
1357
4968
2481
9211
5696
135
5431
1922
1365
5022
7144
5855
7767
8018
1985
5810
204
4590
6867
6361
236
7118
3718
714
1347
6466
4458
3266
6726
5529
7090
2563
4873
4440
623
6122
3464
7893
2797
3845
5998
3370
1268
3964
3894
8669
5277
9201
4044
1749
384
9691
159
4478
5121
7626
9626
768
6227
8593
8316
3834
2929
4139
958
9306
9808
9336
7860
2342
3126
6104
5828
294
2518
2451
4291
5554
6952
1308
5344
7800
6591
3608
5584
1435
4707
6433
3429
4467
7278
7827
1900
3140
9309
2625
6727
5216
3923
2697
7545
4416
6374
6871
3685
5969
7379
2320
5834
9301
6873
8735
1444
5931
3260
6864
7504
3920
7992
5828
179
5556
2076
6094
7880
5366
488
3236
3162
678
2284
2561
3878
6565
3972
2508
2915
6089
1675
4515
1395
2232
7983
7824
1720
9638
9620
1466
358
9220
9670
6821
8623
7659
2502
477
6651
2256
8493
1474
9584
7851
8098
288
8284
1992
3482
4032
2721
4759
2816
3894
1332
8909
3480
5365
6641
6009
5974
13
3415
209
5509
8655
7514
8999
754
6261
9360
2789
4349
5279
9267
8662
8699
1847
5135
1803
1396
8088
4940
2198
131
5965
9776
6945
6269
20
6179
6056
4890
328
1977
8274
6474
6935
9447
5159
8668
7932
8310
3145
79
4151
8047
9583
6581
4600
7640
567
6920
7377
7900
9272
2604
2607
6039
6952
5921
5075
9682
3096
5166
8738
2799
2250
6728
1399
6206
7285
617
2502
9669
285
5965
7448
4897
9402
2945
7763
8259
6523
9092
1379
3282
3129
2518
7235
6485
7410
7468
9556
81
836
1332
1366
140
2700
7518
7568
6577
4394
3451
4556
6805
174
908
5589
5595
844
1809
1449
5176
7188
2562
5018
5935
7169
5705
7837
5531
300
6118
4335
6876
4087
8009
235
6888
1851
8384
8512
6884
4823
6233
7334
2427
3403
2760
6279
6719
1460
8120
5747
594
8010
8946
660
2053
4421
7804
9258
3153
2292
7689
8201
9253
2951
787
1850
1716
9727
738
146
5585
8576
5270
4892
1986
7891
5134
7651
8309
8025
8043
2896
6422
5169
9912
435
7484
8358
6450
6341
709
2289
1370
5271
7952
3201
893
7124
7631
8354
9288
2262
1344
5609
5151
6550
2777
7798
8485
2977
8047
5699
9063
9309
2334
977
4248
6235
7038
5247
7068
6001
1891
8758
9094
7815
2978
3552
8788
6570
1476
8910
9150
5345
8408
1358
398
2214
5084
5828
8991
2732
1186
8921
2360
3419
1965
8450
2351
4235
1427
1125
3553
3904
8178
3299
488
7250
9125
7715
5494
9761
1581
7739
149
2037
8788
8829
3276
9649
1874
7764
5659
9900
844
390
4161
7058
3399
3687
7278
7113
8237
7754
4059
5929
7596
6982
8624
6407
9012
7772
5708
3748
8775
1794
8181
8396
8886
8976
5182
5302
8353
9862
6059
9895
8273
3519
1400
6786
6121
9016
3851
2964
772
3544
8133
8652
3280
9583
5157
5941
3236
5442
105
4781
1815
8215
3904
5569
7156
3314
620
600
8183
4058
8301
6301
5
5320
1204
4180
5320
3084
6647
2377
1007
2176
3079
8105
5954
5369
8138
9769
2771
4002
9687
7668
8211
1153
7772
9642
9320
1467
744
2493
9879
8402
3429
3898
1390
2999
6128
1335
8249
4216
6549
503
2851
9369
344
5188
5462
4846
2905
6934
1512
2924
4628
3988
475
8847
6067
2837
8258
6245
1250
6189
1204
5390
2381
5258
4085
8839
5559
8816
1908
9466
8968
7976
3306
3447
149
3363
5640
5208
6329
9519
7843
5276
4465
4131
7804
6580
9413
5074
3932
5340
2474
8414
8814
9777
9755
381
217
9916
7434
1208
3978
4950
671
4119
8214
6527
8049
5285
4072
4592
982
5114
5436
9554
9282
8856
9756
4402
1488
9257
9323
9326
889
1667
6372
3270
2663
8709
2695
8325
623
6949
6513
5149
4191
3382
6870
5067
8105
471
5222
9123
8828
9276
4676
338
7136
4287
7191
511
362
9791
9273
1684
7481
9846
9521
6648
2936
2951
1225
7699
5804
2372
7349
6545
6180
8883
8253
8089
4278
7743
5625
1192
3139
4422
9366
2060
8064
6272
2234
5150
6115
1123
7962
102
8916
2718
7709
1620
7016
3153
2522
8776
562
8381
8369
8947
8522
7739
1254
1865
5594
7866
4353
8810
4174
6021
1126
7917
3367
7472
80
4919
4855
1236
3397
5085
3322
6665
491
9589
1743
6366
2566
5086
8103
1154
3970
9134
2920
8063
1975
5546
8820
752
4
1943
8700
1958
1693
9647
8243
6213
9644
8972
9072
5198
6048
621
2686
3933
7510
4785
1870
6611
5469
1357
6764
386
3678
3783
1352
4516
2405
9658
1597
6562
6343
1406
4660
6649
1897
1762
5024
5813
8942
5939
6873
465
4330
8788
6354
788
7454
5025
1164
6438
9585
6798
2443
5341
5378
9179
3852
5318
6479
3939
8689
3337
5255
4306
3138
4255
668
6615
368
8805
7890
9957
4871
7184
4013
9546
7628
8778
2288
2605
419
9303
4461
9259
8853
7573
5662
3769
1812
2484
6135
2500
3373
9503
3937
7412
9996
3930
6994
4063
5429
1378
133
5197
9569
6805
4205
8744
7838
7193
9276
5773
5288
4131
5999
2012
4284
2192
7487
8767
4782
5204
830
4516
2785
6189
7946
7366
9900
3385
9878
3153
2887
7245
4176
6333
4577
4287
197
9028
307
7288
7488
1943
8601
3310
5586
1142
5099
6913
5152
8261
9086
3495
9558
7122
8735
1046
8156
5765
5532
6452
3819
9350
5683
7690
1534
9223
5843
7420
2009
9587
4447
5493
8768
466
2485
8262
40
4053
1535
6950
9038
5175
4112
5580
5235
1832
4654
1538
161
8139
5209
7741
1193
6993
2384
3731
2543
7866
6271
8713
1883
9093
573
8305
8558
7129
5606
6913
2909
3964
7220
5528
6003
7621
8120
2536
7915
3044
8402
5784
1567
6431
7037
2767
4914
5587
5546
214
7822
3814
1982
9729
6335
1072
2626
5501
2989
3945
1999
9189
2989
2048
3849
3236
7573
6244
6275
9499
5593
8906
832
9728
7728
6216
1594
1226
378
814
1398
5853
8320
7215
4517
1653
2454
7704
6527
437
2000
26
2548
7711
2405
5471
8471
6698
7772
1905
7026
5208
6767
6324
7690
4102
1881
8386
1630
5938
4576
1076
7901
134
3575
2652
8981
7095
5418
1622
1161
3709
3445
8257
188
367
7982
2228
7842
26
6768
9523
3952
4285
9525
3520
2732
8014
6214
9002
8915
6207
7003
5947
4298
5591
5515
3757
6306
8413
9247
4669
3067
8199
9017
5157
5231
9140
6245
5670
1015
3928
7874
617
8228
1233
8406
5201
3760
9367
9517
6724
6425
7383
3813
9660
3619
8491
1340
6043
5591
5174
1125
195
1717
7230
2217
7806
472
4894
8591
8174
997
4959
4622
1492
6481
1227
8391
2501
2822
7984
7486
7034
8252
1354
1149
6317
4563
8785
855
6947
6054
7880
4422
754
6210
6904
6656
2691
5253
364
5524
8001
6035
8904
1392
5518
3709
9168
8173
4908
7608
9036
3374
4263
7187
8255
8696
7507
9046
4501
207
2590
269
9896
8617
6332
8460
2325
1574
1904
8907
2627
5389
1136
4264
5328
2225
9656
4986
5954
8140
5182
6646
5183
878
9789
2168
5078
5945
1412
6477
1556
2031
9843
3014
1900
825
5900
9758
697
8396
9411
808
7752
7539
1907
2179
4926
1962
9266
2143
8023
7970
266
4531
318
5019
5547
4001
745
4120
6315
2121
5706
6806
5592
7570
986
2444
2871
7728
9280
457
3523
9095
167
5756
4785
4371
6652
111
5957
7854
4000
8908
9657
7901
1189
4996
2273
2837
4349
7498
9760
2399
1801
9330
9036
5168
106
3788
800
9574
5934
7230
6378
982
5616
312
8994
8248
6443
2035
9728
1740
2157
1537
8072
9888
2673
9169
9682
4396
1202
668
5857
7716
5311
4626
2255
6492
4715
7214
5744
6334
2639
4521
3968
1190
7979
7464
8504
2293
7945
1827
6590
8044
4399
5514
3401
1152
7690
4776
294
5994
1591
5881
9594
2422
6252
948
4254
8271
3984
370
1069
7403
3031
9691
829
8912
7899
5039
275
9373
8734
5916
4878
7375
8835
2982
9271
306
8088
5557
329
4332
7401
6465
2673
1256
4053
7170
5746
419
9722
8994
3611
1165
8838
2231
9011
4480
1632
6507
1329
770
4205
6598
821
4996
7357
6820
7461
201
6063
20
7732
8094
2989
7875
2683
702
1327
1979
4348
706
3562
8533
4675
7697
8329
2435
8913
2206
3148
3895
6439
919
6019
3420
8029
4972
5820
7666
5973
4145
7316
8078
8100
2468
5841
3404
573
8710
8069
2679
9348
4294
6826
3634
2291
1241
2276
510
6876
2754
5492
9057
1888
2045
2631
2501
2158
8024
2643
6418
902
6980
4385
5123
9879
6393
8094
856
3614
7269
6144
1929
4289
7485
1619
5135
963
1037
9468
3172
9114
2022
1970
2616
8963
4814
1771
5584
6214
5347
6550
6814
3200
3730
6726
8510
6373
7367
3654
4945
1831
6626
6024
3752
734
2175
693
9235
3476
9537
3659
2672
722
8784
4418
8244
2276
2456
2553
9834
9056
9042
4079
9845
8703
2467
2074
7217
9032
5683
5373
9207
9945
2274
7722
6237
1000
8856
8554
799
7355
1933
5552
7547
3884
7949
7629
3350
3226
2941
9856
1941
397
1742
6047
951
5987
3533
2353
912
7905
5269
1973
54
9379
3558
5082
5052
1600
5251
547
8850
2667
8529
1959
8816
1087
8043
4190
2101
6866
686
7239
8338
9653
9650
1138
1970
8728
3075
9813
5758
1216
9459
3518
4662
4235
3111
6037
4532
3479
8760
7275
7672
1086
2009
1826
6716
6913
4671
748
9706
8454
7394
685
8091
2305
1056
1119
9914
2486
4718
8207
4759
1946
1300
410
7879
65
230
851
2631
1524
7483
7378
9909
7464
5202
6226
673
7494
2353
4983
9075
4061
8235
2704
1503
1106
6172
1293
2972
5468
1719
5943
3493
506
110
6275
9755
1419
7675
8083
4978
8113
5055
4540
3849
2172
738
2617
5284
4866
3730
6857
2047
9776
7072
9361
9473
3776
4968
331
8122
3730
8124
5841
3814
6425
5403
2106
1660
5389
4243
9929
9730
5348
6927
1843
2517
1314
8038
553
2323
3847
4894
6688
9303
7303
7632
7514
8916
6990
4302
4190
2501
7015
1692
6548
2242
6519
9166
8352
1494
4558
2768
5274
1345
1647
1033
5243
6058
9722
2700
6023
7731
5479
3767
4631
1929
1238
3261
8617
6206
2015
8179
3793
1600
4666
9678
5710
7696
5098
4855
3078
7988
3408
811
9201
8709
9928
6437
8832
7704
6532
6701
7266
5528
4204
6319
3262
1820
7949
3750
997
6664
9695
9947
3082
5832
7865
7363
5856
9197
5069
5670
7185
1334
3277
7715
8731
4719
9792
7778
7206
1379
2970
1464
8468
8567
9005
8049
8730
8858
698
3586
6321
8407
981
6708
7822
3894
4186
4334
1177
3916
9606
5834
8509
4404
3337
9599
8484
3859
9344
1237
4417
2076
352
694
6158
4431
7754
5388
6146
2563
4182
5725
9954
9836
4660
8539
8559
518
5922
9162
234
7794
437
5295
6286
7156
5957
4426
2824
8666
3543
7994
1881
1351
6380
6321
3147
4539
9692
6834
2033
5864
6974
833
9725
4529
7426
3638
7626
2229
8819
6626
2441
9356
5612
1547
5645
7017
9013
3982
1760
2852
1754
2111
5206
7166
9776
9147
437
8699
5533
9105
2990
2844
5585
6592
7192
1252
9674
1594
5553
4398
5619
4329
5520
1057
9201
1519
6948
2615
4529
4815
3445
3428
8809
8977
9191
6118
1930
903
2390
1810
2261
9283
4214
7080
767
2209
5692
1785
2712
1641
7001
6486
4338
6773
3236
4413
2342
4968
8160
5474
7321
3923
5205
6421
2138
6270
1981
647
9602
7827
5718
3127
8992
600
7244
2236
9791
6708
312
6339
2263
4028
4201
5125
2099
1743
566
8413
7178
3794
9466
8269
9878
6486
6001
4780
6968
3970
1782
5454
3712
2307
4807
2301
3085
6922
7314
9057
8581
6939
3253
712
5943
2054
8659
46
3404
1204
9302
6226
4538
4466
9370
5545
2505
6874
7042
9595
1518
2152
2617
3645
8860
4752
4350
4857
7082
4992
1056
7044
7399
3240
9425
6660
6192
6382
5239
5406
387
888
3181
8062
6425
7288
9482
594
9412
738
2850
618
745
8454
9487
6532
4992
6808
8723
2777
2011
5163
3312
8195
4874
2858
206
7535
367
7906
7219
1248
6795
8018
639
6522
3386
1927
2967
9990
6940
1731
9111
6855
3326
1193
49
5855
3939
7166
9942
2945
3120
4315
5330
3562
6550
6892
6520
7454
4755
4964
2172
3404
7879
4386
2623
4747
6854
9378
1367
1206
6730
5677
6740
3531
6440
4845
4737
3209
1031
2575
1644
1803
9250
4549
9782
770
8254
976
337
3713
6805
9275
9227
768
5141
3093
2524
8456
8089
4270
7449
5382
4602
3253
1456
8449
9993
9652
923
9727
115
8215
5828
2604
5904
5515
276
862
9945
476
1824
4602
3095
8611
7575
5867
5278
9100
3696
9378
7604
7119
2293
9271
6487
4474
1729
4957
5390
1185
3458
3775
1960
9888
9489
4492
7701
1363
3057
524
3347
2231
5479
7275
1373
5135
8761
1750
2817
3359
93
2804
6445
4757
5197
1896
4755
7495
8032
2954
4605
4143
4230
8835
2763
3541
4838
9244
8245
2506
8219
904
8759
1
8178
8685
653
4124
6333
18
6045
4700
3142
6410
6629
1377
8804
545
9506
5449
9784
4426
6483
70
1883
3509
3550
4655
9309
3207
9969
7669
1925
2380
6556
5286
5139
279
3761
1232
4119
2720
7869
3222
1057
8832
8205
2975
6097
1474
2396
2735
4334
3435
5710
5580
3553
8993
5387
6275
3297
4411
6557
9476
4680
704
2615
8160
596
7699
3149
1308
326
4250
7296
2296
2914
5343
9760
6698
1281
4270
2034
7833
4825
7837
7023
7930
9227
2702
9734
7153
9606
9378
2837
3054
7166
3049
274
4480
1257
5844
8509
323
6008
9111
5913
9221
2572
632
3024
9919
7560
8303
9604
3473
7420
6636
8425
1339
7529
5536
8415
8647
7978
6078
5072
3393
1011
7735
6699
7936
8227
5516
8499
831
9148
3290
1425
1221
1773
8089
9816
5671
9766
5972
3954
3550
239
911
6404
8746
6169
7263
2560
2902
3126
3347
6239
4219
538
805
6495
8572
5037
4973
4231
7862
4024
4662
9045
6991
7226
9062
5088
5483
7312
58
5936
7492
453
498
8592
1839
1940
2613
7473
1829
1752
4395
5893
4854
9747
7159
4743
2318
9100
595
144
5892
4923
3779
7458
9014
8310
9015
4948
7860
5088
1191
873
3498
730
2654
3240
469
9144
577
4473
8453
3243
3731
258
3516
3516
5006
858
9309
8422
266
2128
5822
5220
8684
4978
6259
6304
2712
8434
2286
6879
2387
9893
7648
6026
3247
1421
4689
2734
5334
325
9176
5632
9240
2355
8954
4717
3033
4113
4463
4136
601
7996
3923
117
9253
4338
4439
3266
1089
6132
5257
936
819
3276
9438
6116
2957
5567
5838
2526
3339
8099
6766
8401
2396
5631
984
7579
1320
385
7969
7666
6192
5614
8892
8065
7635
249
9779
3228
5747
2966
5448
9279
653
7807
5685
1463
3381
9224
6131
6450
676
7466
633
6338
5854
7051
779
2401
6154
5808
6562
6582
5847
4459
5913
4619
5864
4518
1265
7222
1968
1660
6203
3385
9852
5576
7887
1637
1727
3265
7101
1486
486
9040
5900
4326
9989
4994
738
146
4091
5144
3599
3726
6653
9261
4499
1663
7368
7216
8651
799
8157
4332
5223
3356
4447
8975
5093
2815
5241
3178
9849
8376
2820
7187
2592
9160
341
140
4754
5806
9222
2982
8336
7983
1604
5916
6168
8439
251
5667
1391
5386
3565
3171
6098
4809
2947
5158
7998
1221
3122
3385
5726
4037
4545
7632
9049
7722
4631
1600
125
9840
3293
4535
1480
3248
7607
2909
8488
7955
5400
5393
9436
3784
5993
4677
4988
5392
49
5854
3605
2089
3110
2051
3046
5513
7243
8932
3170
5751
9039
6588
4696
9935
4915
8374
6819
9341
2745
3304
7836
7104
3760
9534
8664
7071
3849
3108
9496
7579
7716
9097
8310
6029
315
7718
6818
2137
308
9078
3332
105
5812
2016
349
2043
3005
7546
2484
2230
440
5811
5266
6548
113
2994
2477
6965
773
4777
1146
8220
6397
9079
9128
94
5790
1059
9922
9693
7633
617
4514
610
7998
5227
2062
5680
259
1847
6601
5794
5051
2441
2147
7149
1938
5155
8556
9884
9625
9205
9947
6257
29
7781
135
4169
8652
9353
5032
1966
4392
673
4668
4875
7701
3249
3676
3480
6294
4799
1779
8060
863
4683
6033
2864
7312
5285
6946
778
8071
8625
5677
1626
532
377
5747
1283
7392
9509
2394
3670
1762
8255
7491
7535
6355
76
9407
7712
3819
8781
6807
6661
7081
8422
7756
4483
7747
8642
2467
3537
8432
4975
3543
7948
7423
8184
5981
2142
5040
7663
9404
8071
3641
2259
2624
8555
606
1241
3873
5432
5538
8347
6757
8952
7355
8655
8058
1723
3657
9622
9992
7296
4424
284
8052
8037
4224
6294
4278
6455
9653
4965
9598
292
1264
888
7075
810
8876
8242
1143
827
9417
4324
3190
135
9063
7538
934
4342
7717
5110
9732
2837
9654
4944
7231
4545
7227
969
5294
3806
5317
9651
9009
9356
2340
1566
8718
1584
6161
3202
2076
8736
8925
6675
7877
8764
230
6820
7815
3
7080
9256
2314
1609
3856
1884
42
4811
4572
3823
4456
7080
2515
1516
4972
1361
3901
1705
438
5147
2950
1852
8440
3605
7989
744
5830
4267
6960
5761
5865
2244
2121
5002
5499
369
2791
1583
8872
2925
9016
6067
8658
3151
5772
6001
6553
9277
7900
3276
5418
5552
7955
2488
4419
7279
4941
582
4987
7184
2356
3430
6796
1730
686
756
3340
1530
8012
3301
7326
9958
2920
4021
4789
6206
5163
9743
3949
9185
4177
1947
5035
2772
8240
4827
6050
1611
3226
5703
9331
221
2353
5068
5149
6910
4873
5256
1029
1876
3813
7966
6944
1823
544
6305
9536
4656
3041
4056
5655
2701
252
3641
8865
657
7550
3736
6837
2493
7595
107
2695
125
7926
3507
9354
4109
4183
9506
7519
4442
7518
5238
5253
9308
3124
2211
3051
7110
5130
8431
6322
2108
762
1463
179
977
4629
3231
1445
1838
5275
8726
7744
5630
404
3034
1535
9513
3604
6013
6583
4881
9188
1627
5454
2086
1048
8769
4380
4573
9741
7426
5513
1026
8462
4120
856
6983
5293
9449
9453
6345
5033
5871
6401
3515
5670
1103
2548
6936
979
5458
2146
7405
8716
2950
4152
9787
8403
6864
7819
7412
8580
5429
2237
7125
2083
6136
7278
6071
9564
6795
2429
6887
391
3916
7034
6934
4523
3527
5225
2017
7563
183
2427
6843
8079
5240
2232
4886
1028
4224
3928
2383
4268
9830
9794
5144
2888
9804
8828
5447
5050
1921
8770
9461
6073
2885
7825
4180
2361
3048
9751
9283
6251
7928
9504
9055
9236
9058
6088
7389
4911
7456
1149
2232
761
4141
3025
1053
7990
9017
9586
5109
6087
9069
6009
6377
3076
8594
4872
7651
124
7427
9322
8858
8089
8950
3136
6480
7638
828
4366
6239
509
238
1013
1885
7203
9750
1163
4180
4601
6654
4455
556
4415
5470
9425
9069
6982
1194
5926
1299
5220
1916
5365
6181
1076
9364
6793
9827
2579
5754
1632
4472
956
2316
6538
3293
3832
1021
5883
4843
5497
775
6582
8488
2082
4995
2599
4291
2103
3577
3521
6923
8640
6291
7915
9705
7487
6070
9728
8751
7280
9679
845
7602
9864
5301
9513
9395
2367
9816
6851
8788
1428
2514
956
5065
2641
6412
8286
396
7249
9616
8508
9883
933
4032
7038
5128
5110
9545
5841
8440
8040
3930
2778
547
3901
1729
4364
7697
2832
2072
1883
9164
440
3458
3609
1174
537
9734
6115
5077
2419
1609
4122
3748
1980
7698
5966
5958
1574
4028
7940
391
6622
6368
1943
6100
7323
4548
7937
946
3284
5054
5720
8979
5871
3475
7125
3427
243
6339
7138
8559
272
3063
6120
9938
3910
4707
9197
9264
9481
2784
6200
7316
6223
6307
6398
6690
4172
8511
679
3513
6807
3789
128
2090
7621
2660
8928
9441
5623
1945
2717
4669
165
5253
6918
6978
5690
3301
5172
6901
5904
8350
9587
3233
6054
1541
5507
6644
6539
2846
7119
4419
385
4192
7327
1427
7112
4653
3615
8498
7941
5781
6714
6066
3695
5302
393
1912
4413
851
339
5663
5296
1440
8586
7070
4527
441
7057
5757
3446
4732
3200
6788
8243
1921
809
8638
7544
6883
9007
1076
5829
2599
4230
9658
9776
9535
694
7986
4616
8034
1553
3060
5157
810
7903
6698
977
2616
1803
768
3607
848
4821
164
9465
8258
759
4875
3140
7117
6097
9264
6293
9944
3278
2424
6423
9031
2465
7242
6964
9062
584
8549
170
8733
1283
3682
7561
7533
2078
7985
6577
4109
6665
4869
7371
2905
8974
5248
5574
3844
6748
5628
6563
7391
6966
9318
865
5423
7098
2646
4933
6318
7752
541
4088
4718
3222
6104
9631
5809
8221
1696
7753
1267
3582
9894
7035
2341
5305
5845
6714
5551
8486
9986
3746
8082
8691
7899
1011
2298
8226
1406
6015
2754
1298
426
2598
3280
4644
2711
2269
18
5284
3764
9598
8281
2440
4333
6584
572
8053
6720
3132
4420
1518
4125
5709
6062
5038
4569
8004
3277
1514
3961
6546
2700
56
879
6895
8172
4554
461
7460
7611
7354
1874
3560
8578
1084
1157
7881
5699
3833
590
736
3370
9701
3896
5757
8541
5691
750
1254
6375
6005
2780
7374
3143
3423
2425
4981
8345
3841
7374
394
4580
352
5307
1339
7647
128
6426
2718
6430
1079
9321
6387
3495
7725
367
4162
7290
2918
3485
6259
3602
6139
2412
7446
8375
6241
1737
5390
8668
7361
2618
4254
6707
220
8333
8128
2289
9655
9964
9064
734
9623
3027
4919
8698
221
113
9194
4860
3350
175
4536
4573
3879
6178
4543
6965
389
2557
8652
2486
6979
8183
5107
4472
5654
7193
7451
6136
4072
2388
36
7709
6688
913
183
5900
6468
5962
1435
4416
6346
4439
5033
4476
8493
1802
9714
2872
3463
7402
7733
5039
5720
7615
2388
6569
817
6133
3651
9439
5981
9100
8391
7615
7459
4499
3610
3829
6275
5683
33
3177
3320
19
9356
9944
9246
2817
7982
6446
1699
4932
3153
7349
455
8678
7785
9396
7941
3374
8553
8597
2822
4416
4539
602
8661
8898
5388
4875
6469
564
6546
5451
6453
2650
2757
3092
6412
7782
5236
5930
1906
9699
5039
1626
7144
9124
9666
2809
42
4935
3656
5121
2234
2239
8007
5036
7920
8267
1743
8814
5554
3720
9387
5973
1954
4612
7559
7190
5184
5592
3620
3059
8351
1384
340
2448
6357
2642
926
9567
3266
9250
1073
9303
5621
7835
1136
6714
2594
9331
9112
8490
208
7709
3258
3394
2313
43
8510
9208
8127
5180
2994
449
7902
3255
8190
9776
7005
7311
5577
9515
838
4632
6499
1685
3611
8632
9677
8641
5735
866
7825
9088
9098
7262
6304
8295
1339
3388
9002
7377
9763
7329
5107
2016
4263
2533
2209
2570
9614
1358
5365
5504
2735
8649
3642
4151
9700
8699
9510
1757
9071
8297
4520
6800
9194
1515
915
9528
1889
9802
9420
4679
3934
9010
6614
426
3458
6223
8793
2646
5686
5350
3277
9916
8846
815
4421
7290
2488
3396
9785
4820
2451
6999
8833
9522
2768
6062
5717
2720
8251
7852
3117
9147
6319
6814
1943
3892
2691
2067
1332
6015
4614
609
5444
1265
190
1481
9049
8763
7953
6715
2218
830
6513
6179
9328
7249
8185
8783
5477
7707
9373
4678
8413
9268
5608
7808
8067
1616
9992
7939
3899
7171
1767
262
608
9002
9166
4774
3117
8547
8293
8009
8215
369
4863
9786
7427
6289
831
4094
7970
9966
6593
1844
8369
1429
9205
6657
3744
1885
788
5036
8766
4414
9188
4151
9038
8050
4114
7372
919
7304
556
3597
9600
4320
2602
6318
7198
989
6227
9769
261
9744
6652
779
6328
6202
542
8676
9372
1383
7468
9868
5118
7716
5405
8622
8621
7964
8010
6097
6007
6619
7405
7682
9524
7128
5949
9708
2348
572
6970
146
7491
9396
2754
9445
7030
328
582
8084
4200
7891
8553
3858
9619
4077
9455
1151
5282
3526
5920
1745
1382
2422
1311
22
1009
3660
7340
5911
8476
117
2273
5864
5949
8182
3655
3414
6320
9499
1105
1193
4639
9274
4197
4446
1286
7142
9350
8472
4306
5275
6614
2262
2115
6188
806
8250
2685
6080
844
3553
4404
9776
43
6691
6311
200
3778
2917
9095
6345
7043
4390
4365
7447
1891
6624
8031
8384
8051
9746
9954
677
7368
1075
9126
2818
954
2732
2227
4837
9398
1208
7689
7007
3668
9560
6387
2900
9488
8319
3025
6634
8281
245
2407
9447
5379
3839
3621
8197
5560
1478
8873
3724
9326
8278
617
8521
567
7114
4717
8910
9277
9803
2259
7142
1628
4007
4164
3742
5485
8083
3101
9192
191
3117
674
2884
1035
142
9407
7050
8259
8810
9079
5839
9498
5684
9192
7669
1111
9830
9272
9277
1438
2854
3877
7625
4317
2578
5329
2477
6417
5517
7506
292
7608
4058
6381
5734
7569
1335
7383
5983
754
5371
3791
6067
5931
5384
3755
8023
5247
9188
5588
5315
8377
6397
6998
1064
6327
6785
253
49
8438
1594
565
8594
4351
6959
2506
6311
597
1719
4934
3812
1493
8326
6218
2519
3278
9536
7196
9557
6684
6457
7219
8929
8961
8629
3383
2668
7507
9486
3425
2504
8196
5450
9599
7270
3489
7077
7659
667
3346
6773
3784
1192
9751
5460
8456
8904
7872
5548
3172
2666
113
9418
4104
3026
1334
297
8053
9278
6055
6547
5997
6504
4862
7551
6375
8306
3782
113
9931
1539
9056
6268
2751
7306
4254
8914
3179
6157
6792
8019
8435
2058
1419
3067
8244
2633
4513
9365
3932
5080
8955
2480
806
4548
6354
7853
3816
5173
795
5922
9994
8131
8393
7224
1669
2640
2991
9934
6816
5307
1086
5106
5419
8786
1847
8187
501
8373
8990
5921
9454
8390
4514
7325
9989
394
3052
6261
1471
6887
9919
1266
4531
6808
9712
4376
8719
8271
3780
1044
1104
864
479
6968
4063
7656
4527
4419
233
1993
6813
9918
3890
7160
2380
1250
7999
4098
3347
3981
5953
4404
4740
3667
8175
4868
7629
9291
1493
897
2892
2196
2528
2755
680
5206
2771
1365
4014
2677
2097
3847
7158
5603
1958
9574
5728
1813
760
5336
7213
9128
5533
5265
3061
905
3043
8265
1214
6871
370
8239
6573
935
1570
9958
4897
6366
3889
4027
9214
9194
9104
3050
1325
986
9807
2637
6572
5049
5977
6300
4145
7926
7251
1663
5785
7542
5038
7494
7265
8732
4318
6999
5707
7461
2876
5669
153
7179
45
3488
584
9623
5423
8070
6406
6217
4922
4275
9240
6865
5314
9157
8230
2841
4127
1552
9235
9759
1817
7525
8817
4897
2009
8207
9733
5474
2152
2984
9943
825
8962
5765
2537
4483
7879
4147
3316
7008
7929
3354
4017
7428
1044
692
8111
5065
4921
6187
8117
6963
6624
2372
5502
4732
1964
2642
8577
3966
6772
7175
91
5579
9579
3550
7150
6661
695
4710
9378
4763
4823
4632
6543
6095
8545
9921
6860
6155
4989
8637
5721
8561
8147
9448
7589
4273
9838
9188
7405
1576
6546
6581
2655
6278
5970
5355
338
7798
7670
2743
6487
9089
5505
2452
3814
5173
6935
3150
5649
5495
8713
2610
8380
9407
9561
1580
7711
6228
1307
5754
3538
2167
3601
8316
9785
3842
2786
3118
129
5163
7011
3998
3373
4557
4058
7526
6738
4198
5548
3774
4257
6074
2119
1354
9095
8991
2260
7083
7138
1223
1815
4757
8790
3842
6150
9492
2959
856
5063
7695
7250
7295
8166
954
2751
6707
2902
4978
7124
3551
2383
94
6107
8933
3623
1309
6509
1432
6873
7895
7773
842
6860
2011
5036
5874
2985
9887
3567
5986
2799
4886
9002
8540
7535
5784
6744
100
6395
5597
9899
4702
2835
5090
879
3254
6424
8567
3059
3298
8782
7206
3152
5151
7676
953
7618
9436
7773
2793
9679
1292
976
1178
5705
3880
2889
581
5111
1517
6763
1393
9231
4347
7063
6217
4126
675
9388
4089
506
4493
8567
2636
4136
9174
9365
5635
5015
2645
956
5099
9049
8213
6402
1689
1355
3315
8439
927
9340
7354
8958
8395
8767
8834
4918
1778
2615
4606
7289
492
3918
4874
521
5426
6063
5173
6523
9634
4149
5020
501
8367
8599
2890
9798
9465
4204
8660
6035
924
70
8090
4621
9552
5638
2013
8752
1234
5179
7155
5118
3380
6705
7783
3741
1421
2455
5575
9622
3316
1813
899
5607
9965
3366
2584
4953
3163
7505
5860
3503
1160
6235
5985
4739
670
6871
1810
9123
8201
4126
8896
3293
182
4329
2538
9254
2486
6109
9531
3079
6163
8448
2947
5969
5902
4655
6836
732
3061
3847
3947
4513
9306
3856
1312
4330
2944
48
3559
3102
3984
7400
8052
1324
3055
2797
3645
6547
4045
2021
4370
4287
9478
8980
3460
2287
1443
8714
3988
6973
820
2120
2576
6941
7725
3297
4021
1719
9761
7491
2109
1609
582
8037
445
7146
3901
7482
421
7940
6627
1464
9964
5748
566
7910
2263
7633
7747
5691
8941
487
5258
1789
1907
7887
3561
8509
6812
537
4832
6628
3036
3063
3169
3994
8407
6583
1470
6477
2187
4744
4490
6584
8303
4506
9532
9374
6074
2470
7053
2020
8305
2889
7933
3600
3906
2738
7836
3598
6442
4724
2226
7228
5055
2584
5469
2052
7669
4792
334
5673
3098
6024
5855
221
280
646
8977
6837
4792
36
7701
9817
5133
2364
5485
4545
7111
7626
7481
435
566
8640
5996
7485
33
2100
131
114
8397
8638
686
1315
1844
1102
4832
3544
2877
9496
7208
3891
7412
2195
8558
2600
3237
3622
1247
8301
9495
8972
1964
4158
5640
2250
5406
4385
8064
8199
783
2599
4377
1327
6995
5661
9435
4292
391
3907
4549
3067
1921
3362
6850
4224
2827
7340
9847
3897
2075
6228
6002
2422
6088
2679
1187
8670
3056
5632
1573
8817
8243
6749
2439
9939
6452
7804
3172
9727
9192
4459
4432
7778
4141
2906
7357
8305
7325
6196
5427
5830
9589
2410
9692
570
8382
1162
3722
5686
131
5019
6156
2335
3922
8855
914
1343
1943
9604
6985
9558
8606
239
7019
3535
5980
9277
5495
9652
709
2753
1616
9024
1790
5023
3486
6552
2372
4700
8677
405
4526
1501
3552
8043
4509
6798
4363
7747
9617
3655
563
8368
3477
1934
5762
9613
7884
363
8158
5981
4127
4743
515
2473
3424
3570
8036
1624
7965
20
9963
3501
8390
6350
9875
4902
662
1685
1032
5679
5860
4036
7741
9216
4294
9807
2645
2806
2951
6177
2614
2362
4311
7084
1681
7744
6084
3804
8569
200
673
2431
5810
8580
8153
9957
6473
2204
2847
4975
8840
9193
4421
118
7961
7957
3501
5140
2255
1829
1920
5239
5084
8524
3422
2106
6716
7155
1549
2713
258
8291
9939
342
8533
6093
5244
355
1396
9913
9399
7920
9007
8315
7063
394
1293
7824
7215
9220
1092
5980
1719
9157
9634
3853
7675
6607
4841
3284
9156
4122
5433
2208
3551
9145
9547
5787
6176
906
2880
1226
4333
1289
8207
6734
2052
6864
7906
1195
3998
3300
5374
6486
5054
6511
565
6743
2886
6375
789
5163
6524
7089
8515
3728
6772
7970
5286
4864
6451
8162
6687
4011
3928
6435
8594
4422
6452
7654
5188
5988
6805
6218
900
4810
2543
5796
646
6085
1470
6526
3675
9058
3110
2343
5014
5338
4293
4892
9589
6011
1911
8608
5989
146
353
258
803
3688
6201
9347
8170
2885
6128
5823
2035
9633
8242
8278
8778
4293
9438
9153
9614
2583
2862
234
1559
9659
5426
7725
785
4039
862
5868
2262
2257
5157
3670
7639
9742
6327
3617
5590
4804
3405
6432
7209
7465
8089
8625
2842
7577
9566
2291
2095
7986
9638
1725
2003
726
4241
259
9993
8464
6674
758
3636
3278
5106
4802
9897
6953
3797
4810
8398
2859
6475
7933
118
2833
782
7082
4243
5987
1912
473
14
4872
9997
6975
9335
3051
5995
634
10000
9519
805
5035
8859
2635
724
1835
5477
5824
7880
2167
5152
1850
4519
6273
4964
3984
1891
6843
8543
8323
6832
2138
2294
7184
9875
8881
9416
8109
772
1389
4326
2593
7310
3743
3169
6577
7935
609
3705
6331
823
904
259
5801
819
384
1911
3267
1953
5217
917
6077
2884
4690
7315
5366
7356
9424
1418
6945
6906
5855
354
4714
9494
8425
7232
2879
3439
192
395
9657
6585
4070
6686
9117
9291
9466
1935
9764
2764
3691
4008
7677
4337
1840
8512
5735
9576
5502
4887
1249
3791
9682
4015
3959
614
3529
9195
2999
4191
1974
5858
4716
8246
9413
9610
1344
6085
8506
6526
8013
4392
296
7933
2272
6016
3831
4025
6004
809
7402
3948
4045
6330
3759
4738
7109
8122
4902
6025
7770
1102
2378
7540
8030
107
5576
1737
2380
4072
2333
6046
9008
8511
8216
4704
7863
2985
9792
786
5311
1567
9737
8951
585
3456
4562
6062
3982
5774
9467
6152
1116
9198
5048
6565
514
3978
9472
6393
5033
5491
7401
8590
9419
782
9775
5745
2175
2312
3951
3870
5789
4337
1572
8110
5965
3783
5445
3037
4023
5125
5562
4043
9097
6846
6103
6536
25
2949
8557
4656
1205
5885
8280
9062
7176
9341
1224
8191
1337
4240
6453
6255
9281
3846
7273
2128
6075
7280
4629
7873
6813
4403
6652
248
4957
2322
4777
7489
121
248
1863
3461
314
8438
7786
9398
8454
4364
3528
619
4758
5337
6161
9463
8787
5215
5626
817
9864
2990
2830
9568
953
593
8235
7826
7815
1935
8046
2818
367
1200
2312
8870
509
6661
3780
1969
8450
3992
5843
4338
2899
8392
2424
322
7385
4281
3874
9703
1407
6925
6742
4475
9660
9523
8640
5405
7061
9884
1076
8783
9026
9727
2684
8762
3403
5674
5691
7651
2473
5079
7384
5281
2170
6053
3685
881
1140
7152
5115
8868
1520
1425
5687
572
33
8447
7837
836
3431
9429
9651
687
8371
7251
4023
1334
4577
3106
2411
435
2689
4974
8923
1601
6087
4826
7183
8989
8750
5177
23
671
9765
1811
3677
650
8979
5389
2240
8548
8943
1200
8054
1239
4747
5429
1682
8176
7299
2781
8085
2642
6104
993
1802
3097
9039
3645
4817
3623
7471
7936
7519
2422
2322
3880
8958
6626
681
5064
2194
105
9769
2063
963
6698
160
7832
418
2467
4636
4488
4506
7144
9197
3759
7968
9089
1167
3229
279
3166
9127
2360
2782
2443
9492
5671
8761
1162
8645
9063
8702
7007
9583
1955
7179
3514
9021
1620
5087
6244
551
2961
2118
9726
8981
2440
2035
5952
1696
334
4824
8649
4946
5775
1242
4441
1881
4593
8778
6093
2701
8721
1664
997
7194
6070
8962
3293
8909
6702
7793
1033
8171
499
8103
8965
6122
2508
1905
1876
7159
2175
321
5765
3484
2455
8060
3210
516
4605
2863
253
256
751
8978
9868
7830
5648
4556
7250
7967
1881
9034
8037
7904
243
4111
9623
913
4541
9325
9710
3344
3779
3913
7766
2501
503
3530
4884
5502
8706
7566
9003
3304
5020
3329
3443
1548
6570
2913
9974
3258
7429
6014
9859
4177
6440
4099
862
4699
8081
7189
179
723
8470
3853
298
8027
5035
1732
4951
489
9392
7913
8346
4599
7599
5473
7955
8365
4778
4591
7650
1965
6017
4755
4151
569
970
3242
9204
2042
4758
3097
7952
6880
393
2297
9096
8096
3083
9096
7464
2033
1254
8184
4688
3393
7930
1470
8010
1993
5745
648
1892
9517
6224
9159
8442
5976
8164
7934
4195
227
8216
5112
1215
6117
4665
771
9397
1149
8590
7112
7116
6648
3961
5382
8474
7090
1512
3176
6452
5476
3285
1228
4174
9838
1896
5265
8356
6061
5752
217
9066
9501
2347
2967
7279
5462
4124
8396
409
5730
1563
9257
806
5016
4500
140
9884
9831
3978
5952
8724
7850
8104
7989
7827
3751
2063
9036
3334
9210
2645
8223
5676
9735
7843
1209
944
7322
2019
3741
1860
4254
4049
2805
7957
5576
3262
5335
6667
2080
4084
6650
99
9203
4448
6071
9153
1169
8494
5842
1666
9632
1002
7014
6899
1236
6047
3485
6574
6732
133
9010
181
8180
7545
4501
9885
8751
4279
2658
8894
4154
2534
9101
2760
4268
6268
7789
3148
4342
6983
4759
1682
8444
185
9077
1491
1554
2827
8160
3211
1901
7442
7144
9880
3797
7920
628
3507
8865
9285
1493
5691
9556
9011
3751
7145
6150
372
3013
3861
346
1646
6228
6803
2160
6590
5818
186
4812
8869
6352
4742
7395
3452
1992
9593
2383
5166
5957
5884
5465
3768
7031
4257
7158
6664
230
4996
3848
2605
2445
938
2567
3931
7960
4715
6294
949
9539
5982
3943
5262
978
7888
6318
2264
4503
2464
2352
4705
289
4261
9094
2942
7237
2607
4292
5082
134
4677
5117
4432
1408
3361
300
7740
1324
9577
6799
6949
5190
969
8962
2066
672
8333
6725
1013
3492
3138
9780
2686
9143
9285
2486
9245
1888
8678
4382
6478
879
5888
6742
7959
5817
4219
9240
8596
7996
8279
8982
3236
7326
8831
9847
2900
4503
7789
7777
5795
2420
1013
4384
3575
8036
2866
1583
1381
5812
4957
5868
6087
8189
2166
1859
7491
5633
5767
4903
938
9178
8119
3412
6057
5229
1906
6666
8162
7241
3887
2284
8156
8789
6449
7262
466
3975
244
4747
230
4864
4271
1013
1055
5552
3366
7614
6039
90
7343
1582
2677
6042
3079
5408
9327
9530
8957
9651
3732
8914
1608
5972
8146
9790
4427
5836
4445
9458
919
6436
1157
7327
2321
689
2412
6864
9037
3787
347
6381
7740
6484
9913
2905
4522
2576
2119
5163
2479
259
6493
1020
86
8832
4509
8390
4643
7304
9430
8073
1373
6501
4465
5854
666
9808
9366
2981
2990
4141
3203
8007
8396
3007
339
5621
5599
3477
3736
9428
7708
2056
653
8392
4792
3891
4755
2935
4491
7074
8980
6486
4015
1097
8916
5492
1012
7295
6927
1086
5008
7549
8107
4990
8851
5857
7163
6601
2405
2019
7736
8647
7560
4705
6187
1349
3129
4859
2492
9483
5922
3802
298
3967
2561
484
8017
46
7287
345
8614
7803
754
5455
5331
1679
116
9087
1683
7042
8664
6272
8161
9002
5380
3226
674
4464
8802
7545
9951
1020
2923
5703
2822
3717
140
6785
4659
7014
4612
1878
2353
3735
5477
2707
5716
7835
5619
617
4662
4839
2936
3850
8900
518
3460
9041
7316
8023
8869
489
1302
349
6845
9680
5327
4164
2657
9318
7256
9114
2274
8664
8746
9073
239
6743
9784
2970
7859
3726
7123
8822
6192
6878
6880
5283
5434
1786
6801
2453
7738
8579
57
3801
9571
353
4552
9
9876
4544
2655
6341
6713
8705
8248
5501
8077
6722
769
5739
4042
8463
4237
3356
5397
7352
4596
3594
3178
801
4320
329
1994
7406
2407
3102
391
8971
4977
5801
7047
8617
6124
3793
5122
1786
2010
3199
2887
5868
6168
4829
2642
6965
7911
3743
6843
4517
353
9598
3097
8955
3385
727
453
5450
6919
8466
2876
9527
157
857
2106
9040
3360
9510
8514
9511
4019
3662
9990
3560
99
614
8455
3814
2080
7936
4286
69
5379
3574
79
8638
8913
7776
6672
4890
7701
8313
4942
7998
8319
7691
2365
7538
6685
2532
1217
4274
1394
7171
2910
8745
7455
4373
6556
474
1908
7739
5765
9075
1228
711
3257
1418
8369
158
9715
9429
7836
8440
4129
4551
5756
7215
7334
5571
3059
9196
3485
8758
7642
8258
5667
9576
1701
6769
9110
3744
2572
7594
1693
3219
9333
5554
6980
9853
6415
7070
311
3889
4377
8582
5213
1235
2308
4401
4472
7746
8960
4598
4447
8330
4904
1516
4736
2658
2355
3639
5815
2740
9588
7518
6736
7656
2409
4388
5241
1189
7640
3351
3649
7345
8942
9175
2154
1899
2294
7565
8427
3098
6083
2773
5631
2192
5752
6717
2241
4907
3954
417
7165
8900
4644
8268
6266
7322
559
4610
1915
2989
2317
9794
1262
9177
1089
7994
3752
4150
127
421
5271
454
8458
7682
7048
8531
9603
2817
5800
4893
7729
4590
637
9353
1061
26
9183
8754
348
1243
2241
2067
5871
1203
4314
912
5300
3649
1738
3181
781
5584
9746
133
2448
4022
4868
5369
7746
7413
3440
8287
2038
142
3432
8451
4300
9531
6976
3296
6586
6437
7803
6791
449
6819
4768
6933
2858
5925
5668
3302
158
1535
9840
619
5706
1453
3435
8939
7301
1634
792
1603
8899
7787
7465
9930
2428
3000
9556
3522
6603
4848
5455
5859
2754
7497
821
8869
4674
3912
1087
319
5815
8225
9036
6264
6034
2206
9968
7607
1290
7684
3004
1050
5241
4931
4387
4936
2524
1975
619
1754
2178
1269
6690
6587
6027
2285
396
2259
8386
4185
4529
8515
7228
6312
5348
3602
9694
1476
1897
249
7469
5380
3429
8824
4521
1727
9473
310
3354
1448
2228
806
7579
5314
1637
4354
5849
6209
527
6046
6173
6761
3081
2827
1265
127
6790
4564
7194
8200
8578
7525
5323
4283
1003
7581
2438
510
5565
148
4092
6880
924
6611
9718
1787
5165
1699
9235
5649
8774
8192
337
4151
7521
6922
2796
3885
9753
7513
3068
7977
4171
5930
9597
9904
8688
7607
4131
1880
1679
2635
9163
4535
7470
2900
2028
1807
6558
7441
4562
7593
9743
4897
2042
2012
8703
5254
4700
5918
7854
5137
1713
4436
2404
5006
1225
2659
6135
4875
3581
9482
3778
2993
9906
662
9849
2245
672
1057
5093
8214
4209
1272
8175
2825
3889
3453
5169
4481
151
5845
4121
7900
4327
9452
2873
6871
9326
3106
2027
5163
8319
3857
9492
3831
6350
8407
2933
1485
4858
1824
1455
3634
5600
4609
8298
6323
7381
3120
6300
4219
71
1367
2048
6271
7237
2643
9974
7913
7404
8823
8006
5150
6081
4746
7875
3545
7985
7773
4525
9248
3523
3046
5860
5468
8633
5332
8599
4322
5262
7460
3677
4628
8357
588
6967
5819
2584
2393
3999
424
4434
7432
9497
8288
6232
8681
7814
6797
2594
9006
3060
1748
588
1881
7912
7247
4762
8178
8265
7184
3593
1370
2892
4152
3853
9255
2894
6509
5229
7973
6079
5089
9273
8900
2193
8285
5144
3129
8056
8601
5507
1534
9671
6448
7323
4165
7259
9676
1675
5884
4336
1113
7849
7733
1528
8463
1816
1368
4215
9839
5367
6660
9144
9068
905
7918
7111
6459
180
6850
8088
3187
1621
3930
2728
645
143
1333
1328
6524
7888
2561
8437
448
1094
9061
5687
4094
3243
7347
4353
2417
2954
7931
178
6665
7355
2953
9954
4977
4772
43
1672
8286
6820
4121
6556
274
9001
7338
6522
3192
8477
4063
4038
5909
3960
7779
4149
7855
4295
9422
4575
2537
9344
5654
473
729
4524
1418
6986
6502
2581
2032
2189
1299
1833
6861
6588
1947
9561
715
6049
7874
1216
7185
2500
6305
1989
1474
1712
5206
4645
4980
5725
4590
8906
8285
5567
7854
7559
9303
6651
1349
8885
1143
3856
4403
3869
8554
3851
7264
6240
3357
2354
7131
3860
7889
4511
9417
9930
9596
4604
7240
2860
7949
1096
7440
9519
1013
4032
553
3179
2995
7970
979
5184
5414
9461
1323
1344
5099
967
7993
6685
4092
4058
5909
9740
7798
9747
9886
487
9465
7546
9615
9624
828
8061
4925
6647
1519
9201
7539
6265
9884
690
2027
4035
6895
3395
5368
141
8983
256
3804
5295
3913
9514
9617
1661
6807
2240
3347
6056
2912
8975
3936
1702
981
8163
1378
4319
9204
3352
6782
399
6122
1658
5746
5190
9040
8810
8457
975
8691
6005
6612
7875
8535
6739
2151
8393
6543
7759
3294
2715
3454
5313
3429
2647
1997
303
4735
9441
3632
5147
7077
2808
9432
9264
7279
7971
3311
5614
2914
2638
4719
5614
4449
6638
5175
8376
446
7393
661
3567
8137
527
9095
4883
312
6959
880
127
5592
3081
1013
1904
8392
2719
2078
7849
4347
643
5851
657
6879
6891
9333
4359
1481
7652
7210
2448
6280
8871
1906
3507
7322
232
8338
473
1631
1471
3803
3146
3534
8311
7479
7747
9028
3333
7384
8569
9201
9213
4598
3948
6859
4428
5854
7067
2128
6455
1507
6676
2577
9573
7185
7679
9811
4789
408
4827
2423
5754
529
5536
5619
1406
4569
5570
7110
2746
4432
6361
1915
8644
489
7625
8420
5454
1332
3851
5509
4720
7741
2504
1366
8459
3423
363
7143
3838
8128
913
8929
99
6237
9083
5245
8521
6991
3821
5182
9160
7406
1605
7077
67
8368
3612
5544
5388
8141
2782
4841
3424
6529
7290
248
5550
2431
445
4006
5201
1298
8410
8844
5624
7604
970
6383
996
9565
1462
2726
2409
6305
6338
631
8154
9773
1431
4554
213
3277
9458
3670
3839
7827
5672
5871
7035
1500
167
6579
9600
8807
6468
1900
9608
9048
5957
7653
4149
4295
9895
2927
3955
6442
3515
1807
1778
4848
5893
959
9179
7234
8244
6349
1915
6549
711
2473
1749
4231
2230
8997
6696
9966
715
1466
8524
1915
9047
5451
6500
4519
3771
7918
1563
7773
2184
2288
2196
2551
7674
9467
3022
7806
9184
2590
4026
6005
692
2791
7851
1267
6628
8999
9197
4878
9411
8107
317
7685
1364
6083
5795
7902
6441
8472
6769
3605
6916
2907
5306
9248
8736
6135
7385
5433
1312
3325
3758
2012
6060
6845
6395
215
8995
2894
8363
5888
3337
94
372
286
4412
8235
8833
730
1843
6536
2148
5509
7353
9749
1103
5801
2759
6257
3566
8075
8004
762
5775
8141
273
2612
4854
6600
3959
7926
6526
5533
5017
6753
1455
4769
1421
3008
6007
4648
3746
5484
4141
551
1868
7375
4273
9271
2309
7038
4530
3511
4518
5430
4606
2713
3444
9951
9559
6743
2172
9205
5290
4956
3535
6216
4652
2329
4486
9642
3596
3279
7460
6316
8192
610
7613
8411
7699
8635
7227
5221
9277
5178
7393
6945
5734
6847
3829
3616
5506
8445
3154
3813
885
6774
2586
1776
8122
4343
7420
5119
9671
7935
8251
7167
8702
3661
4300
3185
1640
364
5726
3962
870
2459
6872
4838
2754
9022
8396
4396
8566
6283
8707
4993
857
932
8637
1882
5259
1030
4858
3056
7053
5950
5294
5474
4145
7956
9460
7044
9761
1778
1529
9594
744
4861
7888
1731
5414
1127
8288
4179
9212
3227
9028
7518
784
5519
3876
5076
7797
2649
5763
9526
5101
8920
7387
9470
6447
614
5200
6058
8786
9945
3086
139
5139
70
1586
5488
4575
7834
842
4950
5801
6262
8073
7862
7801
4548
2036
2893
6572
5648
9369
4756
6945
9772
2907
3290
5200
1578
1435
8189
9361
1583
1613
5615
1268
5930
9702
1425
9712
46
9839
7950
6961
6790
7754
7028
8601
9089
7056
8145
9832
7380
695
8472
9303
6130
6911
7575
8477
4521
1999
2943
7058
4723
70
3240
6220
8242
3430
9936
8148
1400
4603
3397
7099
8493
3317
6139
4372
2746
9898
5188
7660
9480
3422
5989
2644
8414
3469
8720
5616
5100
5508
4662
987
9546
4819
8308
4005
4015
4101
348
5760
2960
9632
2740
7369
3379
3721
6888
7905
7215
3679
8785
9562
6974
27
6915
8320
9455
7241
4908
7471
9018
577
815
7672
8632
1674
8326
8609
8779
1134
3355
8667
9422
6518
590
8555
6597
3533
2079
2049
5606
1713
9848
5114
4848
696
817
3205
1362
5951
1783
7726
756
1188
3518
2651
4440
3495
733
1753
9002
6085
9557
3771
8258
7124
9902
7197
3007
2374
5714
266
3958
1422
162
596
7928
5611
7073
6178
1196
5473
4808
9784
6882
902
3411
5231
6156
5332
1676
3944
4559
5279
8248
4153
971
1257
5363
6841
7066
6666
5255
2243
3107
615
2373
4475
4913
9383
767
1428
959
4880
4057
6675
4770
297
4883
7062
7643
9604
955
6281
161
2844
5224
9773
7110
8816
2708
4675
1817
2828
5
4189
5233
9625
939
7774
9507
8863
8288
6722
8216
8307
7663
4403
9570
3611
662
842
9847
7150
7845
2863
765
1439
7254
4246
6385
1678
5911
6215
2529
8341
7393
693
3765
1649
8423
9685
3446
2218
5020
5432
4925
4496
164
6503
2460
5110
1782
1644
7696
5514
5463
7691
7712
2449
5333
834
2943
9641
113
3613
1687
6191
874
5811
8563
9049
1212
1110
7949
8183
8695
1078
5248
4876
8942
7674
9372
5095
2633
3496
7899
8783
2325
8616
407
2118
1738
824
1368
5681
4782
1337
5547
3892
435
8182
4049
277
2904
7562
5080
10000
6388
1578
6341
6312
1467
3455
643
6041
7277
2984
6921
1616
6594
7318
2822
8954
1679
9783
1450
8472
1206
7652
93
2445
460
5463
7373
8567
3511
344
5888
6998
5747
5859
3467
3734
4613
8924
4077
1241
8995
9774
9619
2109
6956
902
3992
5980
2896
2758
1653
8474
9017
6567
6079
4529
6961
1888
1406
1347
2809
9262
5482
2654
8559
2175
6577
2410
1893
7699
4634
2301
224
6356
6189
2704
2763
1321
9174
8081
3885
3567
6414
9419
8990
5248
6852
3612
8607
2131
816
9947
2667
9957
64
1885
7914
4596
6323
9400
4187
1905
294
1830
7908
1652
9277
4449
7199
7995
8328
3667
6032
427
8428
8542
1547
6161
594
1061
4589
3525
3998
5918
2448
8378
761
2822
5886
8102
4989
1514
6309
359
6669
4947
4148
2136
6905
8406
6224
5301
1704
3612
9411
9638
9471
4479
493
5987
851
4828
5518
7436
1292
1226
7762
5557
7146
4794
6158
3314
3992
2498
5027
5253
7854
2524
3744
7065
2568
5792
3404
3416
6429
925
1927
4639
2098
5330
979
3786
3774
2064
4964
937
6306
8267
4529
353
8102
816
1183
9719
8181
6370
9765
3697
9009
1787
1487
1893
1782
1213
198
4297
8724
5903
5022
96
8418
813
7755
476
5198
270
4942
5548
1146
9185
1623
7561
6783
4813
1174
321
9877
2246
9736
2105
5100
9324
5648
5073
5745
5894
9602
5590
6610
9493
6973
3072
4373
791
9721
5655
1362
9463
1867
9399
1224
163
4059
3654
2794
6177
456
9223
6342
2110
6789
788
8943
7583
638
7845
6505
8305
4869
1745
4919
4090
3497
8191
8059
8500
9945
7584
4887
3859
824
60
4073
6801
21
7887
7982
1919
1536
9896
713
3962
8063
3851
641
7271
1503
3322
6638
9660
7157
5114
6325
6877
9291
7343
115
9438
7276
7471
4823
1520
9227
4911
333
8363
204
3098
2445
374
8440
9049
475
9054
9272
2146
243
9634
2667
7730
1814
2154
1053
4395
1706
8128
4375
6471
4129
7645
4711
212
1541
4724
1006
1430
1583
6570
4572
4734
7208
4847
526
2301
1479
7375
2942
5393
5449
914
1622
9923
5739
2297
6831
4479
3617
5036
5432
6357
4062
6363
1982
9973
4588
4263
1183
5425
4207
5327
7192
4901
6947
6446
8589
5984
5027
8269
6056
7568
536
1943
3723
496
3034
6207
7310
827
4525
4098
3976
4493
3073
1239
3953
1373
967
2096
5924
8558
9393
9795
3463
4305
6743
3701
64
2544
6466
3089
8553
6952
8283
3187
6427
262
8954
674
2772
557
5090
3128
2329
2663
2930
1734
7143
3227
6929
966
7525
2097
230
744
4737
7976
1766
1110
1677
5543
7937
128
5107
4681
9270
4223
650
8241
1317
1275
1968
3437
2480
5897
8595
9970
5550
9560
4651
3486
9050
9339
6278
8419
6372
2646
1747
8455
1662
5931
5181
2563
9571
6875
5447
8337
506
3179
949
6619
4295
7267
7578
8140
3912
2039
8575
6244
1447
9562
7654
5030
3243
3911
2283
8802
9639
3851
8893
7386
8847
4290
7554
1080
9473
2558
7138
6716
4771
8784
6252
3705
7354
7436
2843
6287
2432
7229
946
3482
6792
4947
6803
9390
965
8976
9019
2347
7353
6645
1701
6507
6730
8327
7596
5577
4876
7373
3711
5853
95
7244
389
891
454
1685
2850
5672
7936
9822
4784
4224
2893
9257
3382
5990
2575
8146
106
2664
6597
1032
2430
1013
9507
2373
458
3067
1853
8865
1403
284
8473
1111
7614
2075
8081
9729
67
5504
7995
8409
9805
5318
2449
6363
5288
1169
2855
2048
3846
1635
9615
8157
5911
8464
977
6811
1224
4903
9290
3149
981
5575
2830
6517
7152
1208
2069
7076
4055
1267
6686
4013
1855
8653
1404
7499
8793
1047
2615
4791
7538
3997
2753
9821
1612
9013
665
5713
173
9928
990
3046
5989
7989
1307
79
8695
8161
6529
5964
5604
2568
9938
5129
1022
3655
1439
2863
4946
3425
332
8658
7461
9512
218
9687
6253
6299
5952
5692
9019
4745
7191
5033
8289
7556
1337
3222
4549
7138
1695
5564
8782
6138
3116
6569
5130
8026
3216
7955
1150
3130
2884
9666
235
3613
9382
8346
7306
3688
3807
8630
9392
7945
1815
186
6990
7805
9166
473
272
9539
707
7627
1661
6868
1000
3078
9777
185
7232
609
8185
5030
4815
8363
6892
4424
5809
5606
2571
5889
2379
3690
775
3478
8702
8683
5455
8877
7611
7260
3464
7569
5444
9115
2112
5915
9662
42
2859
1068
6347
999
1325
6779
5699
9113
5994
4980
247
8856
256
9856
8753
8786
8043
8498
1630
7881
485
7675
4828
3667
6578
6933
8951
7037
5845
6481
3420
8916
6436
6721
2028
1471
6443
9163
6339
8967
3842
3878
4927
7720
4860
7197
1187
802
7381
3900
5548
4859
9741
9635
6846
4033
5480
241
794
5079
3327
8686
2999
1766
2449
1956
2759
5690
9053
3173
2224
5997
2983