1000
1351
577
5260
7209
4590
7903
4050
8840
3166
5128
7210
8311
6529
9530
4642
478
9201
5259
1309
2549
6678
684
9115
9502
9962
924
4687
5235
9992
9604
719
8880
973
8994
6652
1701
3422
5629
2865
1742
7388
6964
1278
2388
5521
30
5016
1810
4823
4217
7657
9499
99
2392
6752
4810
689
8245
7455
2678
3211
1813
8289
4361
8905
3487
2780
9262
5457
7984
3588
5242
2104
4692
5659
9798
1473
7341
6462
82
4410
1849
8455
7305
8182
8961
7239
682
3904
3274
5584
5939
2637
9294
6033
8739
1955
1793
6249
231
2746
1236
6265
4077
6098
8324
1828
1892
4228
6860
7068
1306
8008
5860
2141
2816
207
9355
7674
6759
345
7725
3963
5406
3685
5743
784
3679
7537
7585
4683
2566
6802
4302
2145
8015
9474
5084
3537
9658
249
2167
3651
1509
8196
2663
5884
1926
4437
1588
610
3391
9317
7124
5149
9486
8979
7456
610
4139
35
6442
5839
4392
4179
2793
403
7578
7968
6561
3957
8196
6653
5703
9779
3891
5413
4948
958
1100
1414
2518
8132
4216
7894
9069
3601
3541
3839
8436
167
5706
2588
3246
6756
4356
8702
9137
4372
6902
7193
3537
2365
7500
8011
8315
5215
3636
6027
8617
2890
7376
8015
8638
1856
4415
6217
5608
9384
2997
2470
3358
8426
7924
8771
8245
6711
3230
3054
1176
9932
5590
3462
5844
9860
1937
9875
4769
3115
702
980
6245
8878
7834
9061
5110
350
8464
9143
2404
2292
7946
7826
4273
9238
1298
5060
1914
7995
3356
9423
5945
2337
9651
6279
7284
48
194
920
826
5442
2347
4191
3963
9295
3398
9992
9179
1516
9251
7143
2515
7918
1313
8543
2988
2992
4662
1916
2449
3312
5970
3195
4160
5103
9302
8207
7862
1491
8062
6282
3240
1223
6983
5071
7578
9227
6447
6280
170
8583
4950
858
8487
6799
8750
661
8438
5826
3961
1762
3024
8957
4910
1294
4568
8229
3904
7099
4336
8160
4215
5373
4280
8417
930
2201
1401
4011
8264
4386
613
1805
7820
5439
387
7589
5072
5775
6695
1405
4003
6641
4406
1742
3864
6871
2090
9042
9711
9624
6550
4267
2634
7453
1636
281
2739
6323
9073
8425
7877
5349
9700
9938
6233
7044
1817
8987
2713
948
2836
7400
2720
4317
7536
8673
5211
2236
8172
2771
2670
7500
9858
6064
1860
6822
1067
6351
3605
5185
4607
944
6844
5200
7555
2325
9887
5761
5299
5881
1586
8775
8645
4174
1359
1879
165
5161
4126
1557
9846
5663
7017
2866
3813
3064
9195
969
4415
2539
2327
3123
1872
9443
2815
2648
7104
1794
9380
8199
9502
7519
341
9263
9744
8005
5551
5206
7594
5887
219
8948
1212
5201
6466
7591
4160
171
6025
6291
7409
6819
9577
2027
1528
2674
9248
8349
1991
2756
3343
33
5217
5719
4313
5889
5403
1166
7418
5467
3454
8522
3327
7138
9216
7683
4369
1802
1501
6830
9454
9256
2683
4952
6680
8553
3199
8520
583
3581
3717
4155
2035
7701
236
2156
3366
3129
2454
534
7675
6427
6858
1812
5608
9118
1664
6826
8140
3446
5696
526
2421
2785
2420
9481
9498
9323
4311
3931
3601
1070
3371
5391
9747
2477
4423
773
5236
4447
7949
1711
1124
4749
2690
2792
2269
3830
6704
6700
5169
5229
8635
9064
3052
770
6961
8399
5956
8320
6243
342
8628
3728
7245
1112
554
8137
9679
8371
6657
6766
7651
9270
7861
4143
1239
4864
9328
3803
775
2049
104
9394
8586
8598
3935
6143
8349
9663
1432
1082
3730
249
3364
2397
4615
6254
3627
2648
7492
1285
5590
5113
4251
491
1593
5767
9202
3720
8641
8133
6194
2298
4331
4274
3057
2319
1862
6954
6661
4945
6188
4265
3634
7446
1590
4224
5041
8056
8114
5225
2420
7239
3630
6730
4415
2548
7007
8941
5497
2770
1042
6716
6228
8671
3912
1499
7404
1190
4042
2106
9360
5211
3703
7901
9669
6726
9473
8532
4459
6898
4908
4427
9084
4985
1858
8225
311
8687
3922
3558
302
4633
4713
8137
4360
2137
1306
1262
4334
5618
1675
6160
1506
7459
2992
7231
1265
2049
4251
798
9090
9805
1833
7421
7633
9982
9598
9676
3905
5233
8714
8003
3823
2566
3132
3249
228
5913
1880
7512
1194
4140
1340
2641
554
8379
3274
3177
8805
9990
3032
5451
7495
8757
3308
9404
7455
7170
5460
6803
9300
3274
8458
8347
948
6804
5169
2280
6798
347
5475
8519
1861
8984
4474
9775
8878
3327
1560
4982
8330
3391
1490
703
9761
7979
5015
7671
7158
6099
4609
3478
7691
82
2676
4762
1213
7642
2744
8560
3755
4791
6981
5461
9696
1665
655
4075
5333
9450
8180
5310
1116
5070
5771
957
9442
7288
8294
3285
5237
4386
5073
5035
7192
9807
8320
4268
8156
7968
2584
2866
5467
1745
1209
5675
4765
4427
6391
8530
4322
7744
2570
6314
3996
4666
7530
9840
2187
1069
2873
9079
5697
4912
3994
6919
2982
1960
9033
741
2581
8915
8203
1228
4969
6691
2349
8953
7986
4898
936
9716
754
4114
4164
5887
6234
5146
6202
7836
3550
960
2457
1007
4861
8629
1152
4353
2817
6415
9647
7849
5333
8825
2861
8906
6034
1679
7704
6383
3992
3490
1927
733
3881
1781
8417
9444
9007
6974
1351
5791
4774
644
8509
4657
7424
2357
7228
8230
4032
3508
61
9878
232
2305
9753
1056
2307
7408
4316
620
760
464
1731
3957
5042
1583
8429
9797
2758
9598
4214
9853
4796
4665
2371
2368
2077
3152
1267
9288
934
4112
1863
2911
4103
4003
2907
9851
8213
7095
1232
6247
1542
7216
5264
8287
6090
7050
6191
517
3354
214
2834
3901
2263
7439
217
1777
1431
9450
4778
9620
238
7931
6159
4346
8797
8081
1513
2487
8843
3164
1670
6067
5671
1289
3194
4383
5725
6062
6771
9537
5477
6382
2586
4574
6289
5613
367
1577
7421
8312
953
335
2032
123
5597
2311
1748
2143
1239
6980
6470
8169
6316