10000
5266
1413
6852
8378
1750
8424
8136
304
7178
7388
5345
273
4924
7100
6404
2963
4078
5712
3126
1244
9115
4410
4671
4745
3021
6414
6303
5254
1894
298
6200
5492
832
5213
4180
8208
7817
827
6443
1470
1926
9566
3701
2967
8453
6304
8470
3004
2134
4398
712
6839
1288
5777
9991
7153
9224
5645
6373
2556
9838
5279
9294
6859
4305
5481
4394
5397
948
1047
7449
8340
2716
4781
8170
8903
2554
3316
292
9308
6431
640
133
4316
4266
4102
5829
2309
8663
297
6815
1744
2078
4914
5149
1421
5678
2548
1928
5947
6129
823
3188
2770
9650
9128
9450
2383
6106
910
7931
7105
935
8717
7099
355
8531
6503
6978
9065
3663
5607
9254
4911
2313
7687
8204
7411
7575
4897
860
9182
3866
2283
5774
5656
8160
2332
9443
1258
7038
5902
2417
6030
6708
9137
922
272
4529
2968
390
5009
8330
8083
2013
6893
9697
5933
9329
6186
8917
3579
5369
3499
9108
9349
6696
6129
8032
3412
9633
1631
9325
9971
1224
4800
2630
2757
5557
8310
3079
4579
7600
6775
49
4274
121
7098
3070
6193
2462
5427
8034
5287
9729
7825
9524
7472
2934
4738
3777
4729
844
2299
6933
863
772
2533
1088
6278
2277
7142
9850
3225
4498
2164
1820
5194
1636
7111
9615
5703
2288
5118
4202
1769
1720
9663
5673
1210
9327
3115
1464
7824
584
7420
9115
4306
8267
6268
7253
8891
6871
6040
966
7683
3445
6842
5017
9231
9762
6481
3839
6435
9075
9470
8807
5773
9052
3039
530
4829
1006
5727
4103
7783
9428
5831
8839
1071
1241
1912
2592
7994
9697
8912
8563
7449
6523
660
24
5291
9699
8642
2044
7491
6855
2237
3039
7022
2318
6174
8030
442
3136
2062
1476
5142
3827
3746
5620
6828
9015
5623
6207
5170
2112
4982
2049
1621
2339
1692
5828
9872
4869
8539
8949
4250
4107
8338
6750
5691
1998
1302
3755
5040
1232
2390
4815
9838
2157
8851
5012
3773
6550
4602
6014
7776
7687
1105
7467
4577
6755
9815
4723
9116
3354
940
6477
7675
5272
403
3462
6221
4194
482
3900
7318
318
1529
3157
5495
7691
7004
5816
6756
5008
8026
3152
9759
9567
5564
7360
147
8716
9591
451
9639
400
3509
6859
7496
8098
3054
4357
2473
3995
7957
8538
4866
5899
4868
1456
8858
5414
1190
418
8914
2291
4084
9316
3918
4788
3521
4138
4433
68
1048
1977
8985
7924
4665
3120
5992
20
8065
4311
10
4490
7495
4491
893
486
3852
8578
874
6708
6695
311
5077
5808
7695
8638
5481
5006
3689
1733
3697
1263
6098
3378
8213
9500
6748
131
2559
9509
1666
4622
5785
3971
5031
9863
4062
6973
229
4005
1927
8068
8680
1153
3092
8882
5741
3510
6584
7107
3524
3257
9689
4082
3451
5358
60
3144
5684
1921
8118
7455
4959
5071
2416
5377
4896
3958
1363
2570
3008
1230
6345
4311
9341
6418
4844
760
6888
8247
9837
1318
5995
9730
4360
4935
7022
1954
1232
2801
1326
2521
5903
5814
3079
7955
7466
5793
2742
3681
9477
7473
9685
8587
1135
4829
5915
8988
9666
5163
2990
8498
9191
7261
6352
5239
6141
5413
8133
2380
3187
4674
1806
3504
8340
9709
2625
9375
3959
6062
9038
8409
9099
3074
9683
874
2123
3768
1701
8643
5834
9440
6971
2003
7628
2012
1142
2918
1161
1674
7955
6269
9030
3310
3693
2497
8772
5145
3368
1410
9111
4236
4241
4303
153
8893
3321
8782
7378
6139
7821
329
25
2214
9952
477
8185
9154
8941
8371
8230
3177
7901
9856
290
6526
6523
7342
8725
854
1509
4606
7937
7349
2689
6253
9066
2029
405
3689
3806
4273
9853
2439
3522
1666
8193
4201
3413
2290
7559
2016
5127
3579
8787
8603
397
8763
2192
5465
5603
8729
4906
4248
965
6600
8001
9596
8697
6803
9071
2080
5698
729
8189
6407
5320
3134
9395
6832
4292
6742
1952
1544
5547
917
2877
3880
4038
4924
5680
1434
2342
8950
3401
9102
2961
8467
2427
2286
6131
1465
1046
4932
3825
6538
4256
126
832
8298
5699
9940
8384
2888
7355
1670
1116
5471
1595
4832
9553
8184
5837
6900
11
6910
5768
6689
1809
4997
5758
3915
2186
4129
8431
4371
5625
8254
3918
4793
7909
9999
5046
9101
9714
9052
780
5683
4687
8936
7266
5554
7232
3645
6496
4332
169
5436
8058
1990
6588
1240
7974
5197
6906
9441
38
9944
29
5608
9126
453
966
9925
4712
5440
4715
7653
23
89
8182
7994
3386
8636
4042
6262
2459
7640
1100
347
9285
6574
9526
6744
7294
2982
2561
2853
6532
4139
6249
1284
2417
3035
7667
1440
723
2235
5116
8232
3346
3744
2528
5881
262
4524
9145
8541
9234
1442
1842
2214
1506
7258
3462
3629
6205
5658
4019
5897
8585
9494
9656
3698
2088
5021
532
2937
4241
638
4778
5407
1978
576
8531
6619
2755
765
7084
1634
2990
7161
3128
81
3122
712
9349
5480
878
467
9689
3845
5051
2892
7177
6917
886
4597
5803
648
1331
7346
9554
2978
506
5606
1985
6493
948
4083
3648
8704
4039
2489
42
5027
704
7435
9040
3377
3947
7942
4718
2912
5453
6940
1212
9416
1229
630
8963
7807
3138
4430
6540
6900
6409
4764
1694
1886
46
3759
9098
5905
1418
1903
4760
5453
7367
3731
110
2507
3267
3468
587
2670
7784
8176
5946
5343
1347
1148
1701
5337
694
1512
2257
5062
3219
7392
9882
3027
8303
4212
8045
9468
8438
3160
3530
7969
939
2105
7515
6161
5351
8540
8202
5340
1958
5781
3887
1327
5628
4629
2432
9993
4199
4202
4134
5375
7474
2462
8891
4410
6707
7545
1367
8777
7376
1871
7897
3978
8112
7512
7394
2157
5303
4567
3926
1134
5235
1167
2075
7345
8923
888
36
5909
9484
7164
1335
3222
9859
6322
7468
9564
6135
1211
4356
9602
2832
7038
7752
1580
9140
4565
9888
2639
8795
9966
6672
7245
5136
2030
600
6009
4968
2013
4057
1827
307
9610
1201
7241
7118
6623
5481
5824
7560
4852
3218
8350
9166
7947
7587
7195
436
5819
728
97
6297
4180
4534
6336
8702
7418
2714
7399
9085
464
3780
4909
803
6329
7155
4666
5303
3254
4938
1978
510
8387
3756
4280
6515
4694
267
7264
2503
333
9769
7983
9510
7860
3263
907
7298
5769
6138
9597
5015
4832
7651
7334
5289
2674
1791
6714
1077
9842
2601
6100
8241
8141
7966
940
1363
3462
6620
8858
5417
1810
3440
8434
9381
6984
7427
9395
5141
311
8893
832
2567
1103
5072
3541
6633
2132
8748
5249
468
8733
7495
6760
4308
303
8987
6803
9648
6833
6621
9274
71
3250
6725
6226
6328
9584
8739
9988
9730
8226
2108
3598
2993
324
8729
578
6483
558
4285
7965
3268
1964
5093
9393
5476
8176
3416
3820
8132
3882
9251
6723
7032
9960
8886
3073
7417
4161
3826
5573
4754
8665
4278
236
3706
2576
3423
3125
2009
533
7348
7463
8715
5474
78
635
6972
6055
1955
6294
2667
321
6441
6993
898
5582
1778
4594
2574
6807
7460
8289
6542
8586
3813
7188
4720
7413
8710
6555
8030
6599
2744
212
2153
4063
7929
1555
6303
4260
7803
5951
8191
4527
9031
9242
4351
2560
8719
578
4964
2088
2617
2772
9917
7988
4966
1023
6245
6616
9316
3072
4625
493
1991
5587
3826
9709
5948
4286
4179
5703
6412
3101
3335
1904
3409
4316
676
7890
6008
7439
8393
5738
2114
4048
2812
9800
669
2931
4905
4351
5830
3314
3248
1576
9209
2696
6509
6797
6689
5208
638
4655
9413
9738
4618
7125
7305
8716
4848
3731
3438
7483
5088
2045
3109
8627
1080
4073
3955
3144
2526
2316
9244
7564
6031
6788
3893
1757
7574
678
6185
8377
7828
2853
4871
9531
8092
2887
9705
3657
7328
718
8447
8926
5277
5908
1137
4322
1730
731
9006
3330
6328
6484
6578
9139
9572
3641
2920
1041
4179
9890
4865
2945
4131
3398
4366
5542
9100
6319
2550
1349
7804
3259
2080
1781
6611
1790
385
4751
2555
1897
2025
7975
5155
816
5360
1822
6489
1957
4831
1138
2200
4804
2705
1655
2274
4463
7349
5959
6350
129
6496
4459
8325
2558
4537
1535
9856
5249
3739
2699
7439
4843
5105
4715
8235
1461
6278
6192
4879
7516
5234
8949
9049
8383
2930
4423
9368
2516
7583
4540
9928
5596
239
4151
7451
3836
641
3885
6416
6872
7963
8030
8262
6199
1427
5737
9707
7838
7452
5579
7444
3594
2177
1873
2118
3191
9703
7994
2485
1173
5380
2876
5108
9425
9298
9979
9093
1454
1176
401
4232
825
8134
3615
650
1738
8078
7552
9245
559
7790
2468
2411
6255
2035
572
4235
8945
2083
5011
6644
181
5949
3155
7025
5253
5839
115
2381
698
9534
507
963
973
7845
1753
2770
2366
9284
9738
3088
1284
6787
2310
7438
329
63
3677
7388
6951
8367
7152
8429
4779
6322
167
9081
7989
1550
5778
8595
8596
2167
8979
146
824
9072
2024
2668
5500
7984
6685
4774
6321
9950
4976
8934
741
1373
2424
6476
356
7099
4562
9275
3699
5136
2914
6154
7869
3597
7208
6881
3611
2203
8814
9890
6572
5966
6676
846
4978
6047
8961
9892
1567
5647
254
9199
9099
8593
4298
2815
8096
9906
6745
8173
9877
8868
5020
3591
1794
8828
7674
1895
142
2215
9821
7166
4605
6611
6643
1463
6964
1994
6381
1193
3194
6261
8064
4143
8507
1755
5562
8382
7100
9769
9122
7025
1336
30
1586
5507
5648
3354
1998
6450
6219
2327
9635
8287
7825
7109
4333
9646
9730
8923
8638
9643
8193
561
571
4970
5091
5303
6415
3165
6492
9521
9456
9584
8984
686
6384
1810
4947
6964
7872
3431
2606
2810
9653
7039
8552
9696
5341
8093
121
869
7231
1535
330
8428
4296
9745
9716
5545
3705
4702
2550
9739
9446
2805
1630
3809
9783
3755
8267
8132
5455
6973
3434
9125
4797
5364
3058
2723
1785
6696
8954
2295
7132
5316
8438
6352
6014
9112
4624
9863
4012
189
2485
8362
8142
3810
4904
7207
2381
8478
6711
5883
4203
2709
4887
5759
7457
2035
2507
1
3681
7718
2001
3261
3044
9626
9127
3893
9074
7407
1706
5792
8122
3058
2239
4210
1636
9167
5037
2884
5028
6976
3795
7827
4465
7588
3094
7992
2573
7105
9787
9889
9205
2159
1252
6816
2688
6768
2409
7397
7765
3146
4033
7766
3330
5191
60
8281
2849
333
5861
277
2780
3055
4830
8623
9749
3371
9461
1215
4328
9085
6678
3117
300
3229
839
2742
8299
3822
9301
7354
2471
8447
8888
7120
2059
3197
8770
7718
5642
4556
2171
7191
7640
2366
2141
8479
9243
6766
9741
488
3791
221
5650
4100
3115
443
4366
1883
9804
4320
1847
1797
9732
6683
4031
2548
1875
3656
2680
8478
6750
3421
5076
4428
1705
9982
2298
761
7487
2997
1037
5183
3048
3549
2994
5763
2947
5085
5066
9927
4069
6591
3460
5621
8487
9810
1983
4954
1553
2105
8353
495
1852
3638
4998
6760
8158
5514
2467
2772
4654
9187
291
2471
3412
9955
8156
638
7248
991
2935
5685
5451
4086
2011
9739
9404
7915
505
8664
7614
9193
3024
2801
9184
5609
5728
8020
9703
1022
467
6090
6451
2990
6415
4700
2270
212
3932
5390
2322
3499
7853
8295
7674
7674
8772
9322
4677
6974
8268
4110
7128
4048
5310
6717
7508
951
7831
7942
9725
4675
7379
8239
6033
7074
6458
4735
8299
6853
1841
8905
1353
1569
3062
1853
9777
7934
5883
4564
3323
5336
5511
9541
5081
4673
4255
9947
7208
6042
4760
7008
3996
9145
8374
206
7117
4690
1431
5165
8998
4044
2552
7361
9823
3537
5739
3094
9315
7435
2093
8926
7475
6383
8572
3141
6181
3158
3122
4852
8458
8316
9492
9945
8110
4180
2078
2590
5559
3609
457
8067
7175
8075
9552
9094
2933
1540
5515
3432
6107
3409
2932
162
4418
3204
7426
1703
4131
5104
7687
6197
8500
600
8255
3014
2702
1102
5400
8822
9047
966
3496
448
9913
217
9549
725
4911
953
2181
9496
5784
4446
2777
4483
264
3836
3112
6586
2082
6902
5533
395
4066
3692
842
2140
5322
7274
1048
6412
6517
3045
3632
943
9104
1134
2357
8938
8345
7139
261
385
9766
4415
1001
8561
3567
5863
1248
946
3082
8163
7009
4718
2622
5621
9828
3441
9030
4693
3757
273
5805
8664
5758
3425
7081
3166
7591
3398
1434
1338
8220
3413
6462
1675
4925
6108
542
1794
1955
2450
7271
321
1657
4681
7015
9895
8612
8224
4150
2058
9500
4253
1841
8376
2095
6665
5748
3519
125
3852
7671
4306
3146
1860
6101
7657
6025
9839
8433
5007
7849
811
4852
6546
553
5872
2596
768
1940
8396
4228
1373
7106
7858
5383
1396
2633
787
1454
2666
2164
4621
6179
1662
9913
548
2107
1843
3905
9394
1919
9395
897
6654
4119
8175
8724
5542
4916
7251
6075
7569
9511
3674
5863
8867
7888
3426
9224
4637
9668
8538
6622
8729
3773
4199
9215
7717
4310
3849
3943
1571
59
168
3842
7703
6075
1812
562
8378
129
5619
727
5348
951
745
7587
2355
6944
6581
7245
6421
5565
5819
4488
1804
3267
9446
8604
7504
9486
5424
7181
9373
3031
4495
9198
7085
705
7875
2940
4338
6025
8681
9170
5703
1874
3568
7116
8258
2313
8470
5236
5357
497
7659
2642
748
8858
7449
4651
6994
1314
4969
541
8714
1716
4964
7298
5103
3728
717
8796
4297
4134
870
9815
861
5192
2382
193
9731
1698
4770
6779
294
7704
2087
5698
7660
1847
5611
2955
3252
8222
7160
4396
4041
841
7388
351
4584
1801
9811
4928
776
581
4748
785
9589
9090
5576
1484
1459
7203
3146
5459
6630
3161
4082
3128
3366
2420
390
7988
7763
1219
6797
7706
4729
8187
9337
7840
328
4119
460
283
2795
5329
566
6472
131
257
1500
387
6425
634
3674
2745
5919
1286
341
3157
542
1835
5731
2200
4784
9397
8257
7415
6733
1718
9221
4103
4755
299
250
4391
9670
7918
3685
2370
6908
4494
4439
4760
5179
6257
7471
7803
5889
2287
4759
5550
746
2024
7354
7706
7607
7244
3911
4934
8608
7464
4419
7379
76
7685
7280
9918
5416
8954
554
2587
3920
9962
6903
8197
122
86
9107
857
9473
1049
794
9614
3893
492
4605
2809
5975
2777
561
3916
10
8134
3113
4144
7524
5391
1116
5944
1827
5061
5073
162
175
435
1570
3308
1580
7229
9431
1534
1593
2262
5222
8923
796
2566
3465
2540
4551
8915
4300
2762
5893
3844
7893
6736
4056
4538
5992
6850
6202
5427
2883
3974
2256
7235
1100
5140
7472
6623
1717
8090
6849
9964
1372
7801
1684
2367
1151
1502
2690
8698
2636
3685
6950
3484
6537
3367
7170
6222
8277
835
6965
3177
1978
8855
442
8463
952
132
4803
833
5342
5662
491
5978
8774
3813
8967
5635
4521
7387
1865
6630
219
2091
8489
9843
258
237
2422
7913
9951
2978
8669
2260
4308
174
3370
4351
3353
6166
9146
4819
9113
527
4032
9116
3873
7520
924
6679
1812
2092
3753
2615
1706
3444
775
2603
5632
3098
7194
6137
6999
7119
4266
5286
1209
3130
4037
5312
6933
2656
7949
4709
9634
4104
9923
9573
3144
3060
4284
4461
929
4734
9589
971
9351
4154
509
7910
6974
7305
2809
2674
157
199
9012
4325
5209
6172
2417
9247
3483
5827
7701
9315
4464
2714
6510
5070
6235
355
6212
461
6109
7977
8391
5273
8732
7738
5803
1995
657
1712
33
4781
3535
9629
1699
1535
1579
4806
5695
6767
4342
3459
7135
5534
9571
4318
6531
3851
1759
1862
5500
5139
7882
206
154
2379
4544
8575
5543
6884
8712
3717
8940
8685
8273
3060
5486
3225
1796
8569
738
8734
2496
7183
520
7690
8703
5256
3919
1339
8549
4131
2500
1997
3532
7678
1509
8158
2271
1624
9976
309
2766
4773
7554
8916
2811
2026
6057
2734
4712
3678
2816
7782
4932
7089
3029
4251
1656
986
4831
9115
9040
5922
2939
8482
5749
7296
9625
9806
5373
8297
9601
4844
4489
3191
6926
1558
152
9058
7381
9069
4370
4763
1845
8485
1102
764
893
2496
5839
2746
4801
7817
8072
8513
2405
2488
3200
4423
1946
3164
6087
3221
5692
2349
7801
4314
3066
1786
6679
9919
1307
5237
1002
3212
6234
5801
8775
636
6052
7131
987
2883
9205
1900
4965
1918
70
6238
5848
7647
3039
9381
303
5476
7026
5954
7793
3662
9993
778
4850
8088
4413
2646
3959
7957
3417
2174
9715
6716
9906
9206
6129
9385
852
1046
4504
3998
920
2895
5941
1039
8494
4829
2731
2000
8305
5279
2538
6926
1281
5356
1471
9963
8682
6333
2235
7490
5851
3222
9737
2107
8211
3473
9217
531
4949
5192
9469
9412
3256
773
7461
571
5212
9080
1553
4087
8001
6579
1762
513
385
6749
5790
947
5563
3808
9009
1795
7370
4617
7867
2549
5613
2182
2025
9870
5147
6300
8699
4085
8443
9930
2236
4059
9750
7913
5512
3826
2192
2241
3989
2883
5162
4205
8211
903
370
7183
8159
3532
6361
5497
1114
3185
1166
4474
2549
3655
5142
9160
9414
6948
7990
4053
1241
1658
5958
8964
8166
8756
9357
5433
3525
5564
4277
3311
8900
4693
9078
3681
4666
1197
2635
1834
8673
2204
9056
5401
8746
8880
9710
9725
6828
3627
7923
4212
228
4645
6254
8345
4721
6010
6677
5812
2495
6746
9587
5592
7071
7353
6162
581
7032
6964
6051
1835
9799
951
8819
9063
3322
7982
9287
5137
7355
6015
4988
7912
198
2928
4479
5888
9815
7923
9511
5809
7341
876
8465
3561
1714
3513
2505
2644
2652
9497
4681
7418
7054
3080
7344
7754
8603
269
8605
1525
2840
1325
3756
4805
1992
6454
2588
3115
6111
6064
51
8303
2708
3657
579
4647
7585
629
432
9018
2145
1855
4013
5220
50
1388
1069
7056
3120
6556
9894
1180
6569
739
7091
3368
8578
2612
1092
8899
7650
9104
930
8153
4442
1745
9124
5253
1971
253
1679
9016
9174
158
2901
676
484
2384
3949
4107
4177
145
9581
8450
6927
3936
2403
6329
2261
7652
5192
9503
3862
1915
4133
4548
4723
829
3069
7165
5832
3715
6459
9437
2008
270
6567
4725
3691
7291
2935
9324
2528
2662
1400
6719
3563
3466
8526
7715
7780
9998
6523
9224
3671
3713
4939
1694
6667
5396
8510
7004
3431
7153
3626
3487
2316
5273
7936
9724
9513
8936
3840
8497
4014
427
8950
3385
4595
8614
2995
7864
933
1660
5444
897
3543
9071
6123
6243
8134
243
6344
7675
5591
9212
2917
4095
6134
4308
8495
9429
2456
8760
2307
6069
3943
6883
8931
6617
6759
8515
8109
8973
696
4295
1063
5809
6530
9969
5473
8184
8426
3179
2798
8557
2784
9697
2913
789
184
2851
2269
8199
792
7607
2152
4646
8827
8477
4443
6372
5310
2822
450
2345
9405
9631
9421
4367
2103
4903
1179
9731
8374
409
3955
480
4533
3401
4513
9785
5981
1316
997
1165
857
8683
1924
2442
8921
4086
8245
2381
1701
9048
4366
7141
8649
6658
7357
639
1897
1568
1229
1383
6714
5752
4275
8604
5532
9184
2337
1955
2694
6539
3355
631
1600
8845
8450
9771
9387
4409
5346
5844
6459
7447
1389
9530
1217
9657
918
6625
4726
6086
6978
4197
3102
2963
3467
5948
3505
9796
2750
3849
2027
8880
6140
6584
9914
2048
8666
4030
7555
947
9008
9199
6365
7985
8930
4311
5831
7539
3747
8582
1876
9494
2992
3287
4640
4378
2964
4532
7993
4251
1532
626
8
7989
6068
2948
5964
3915
1505
3267
7935
6817
7255
1040
5893
2050
4479
2002
3110
1751
2884
4963
9419
132
6397
825
7697
3993
3242
6579
1772
2337
9071
1943
660
9952
6054
1828
7180
4366
7316
8040
2563
8661
7754
2569
5046
3566
7892
6849
540
5015
3980
8682
5459
4530
4934
3199
3614
247
9812
2235
1216
6501
1667
7381
312
5548
9472
5050
7644
8746
158
2019
883
8393
8253
725
5616
8977
449
3557
9017
9847
9025
5291
6081
4238
9824
3934
8579
4264
4976
3667
814
1632
9238
184
1715
5966
5642
1317
5835
3068
2545
550
7741
2363
8917
57
2141
4148
7025
4682
1777
4838
2737
1261
5570
5245
3178
231
1828
3360
6738
4636
7593
4800
9852
3622
9004
6044
5767
179
585
8017
9274
1666
9842
4019
2029
898
7674
6586
2748
188
2048
5071
6742
7236
6682
4402
6877
5666
6893
3711
8425
3732
2355
9188
2995
90
4308
2675
7719
9111
9143
4515
1716
2485
5542
1282
7466
7805
8910
5855
5616
3025
2997
7028
1661
9728
6843
608
1253
4920
3
2813
3118
1569
6839
2475
8655
2179
448
1056
6933
4052
729
8412
4483
4740
4790
9700
5051
8657
8091
7378
4758
3140
324
634
7317
5817
2215
2742
5904
3088
2094
1743
1192
2459
1103
2396
4752
6333
511
8657
8484
4783
2294
2934
6917
5236
5874
1209
2382
6886
1117
1960
3154
4109
443
4307
1957
5384
2752
7760
635
569
1352
9156
4243
2398
4726
2486
7374
2570
3113
5638
5638
8545
5964
4442
9191
170
545
7196
2412
2989
4601
7731
3667
5288
3623
3598
9506
313
4554
2522
5054
5788
4150
3736
2442
6260
835
5984
2401
5229
3757
1831
3065
7452
9212
6
6581
8889
1310
3256
4158
5515
6423
2859
860
172
9610
3105
1568
3216
9978
8859
7949
120
7308
370
7802
390
149
8808
8885
8618
4694
4138
7306
2450
5303
2656
8245
4528
7612
6990
6499
1202
2
8943
4531
8057
250
503
8330
2672
3466
5545
2222
8376
8744
518
2721
6661
7494
1797
4740
2411
2262
7000
5642
5471
9724
3152
8223
5044
9836
1746
1879
5569
2634
4312
3807
1880
9815
8899
3445
4686
9572
3669
9123
7325
4467
1880
2749
1746
3529
5325
9286
9171
3558
4031
3876
4489
4909
3840
6316
4996
7247
2024
8501
9240
697
8949
9819
5805
8228
2597
5012
3101
8709
7502
5949
3050
1190
3613
2840
3068
9070
3692
5997
1921
7450
3896
6283
6139
7317
1812
4175
9630
7215
6280
5100
7261
6418
9343
6737
8593
4234
5142
7364
6116
1136
5187
5713
43
445
2769
1320
1781
8637
4827
4029
6999
8469
594
3815
2538
3396
9638
5375
2666
1164
4457
2907
921
7182
2845
5450
192
6342
5606
1323
4439
4490
8721
5451
3215
7840
1689
3660
4183
9962
1741
6514
7077
1509
3029
2713
7523
9064
2544
276
4347
4474
95
3426
4187
1817
5348
3940
2621
7663
5586
3359
1898
5549
7773
787
3037
4166
447
8027
9704
5439
3373
3133
8842
9542
9635
2472
2721
5510
3793
5814
8805
2355
7518
1766
8590
7096
4531
9568
4712
3601
5112
2538
8920
4067
9601
2043
2174
9465
5759
1715
4197
2610
386
2353
1125
2016
8646
8883
7475
9677
4071
2045
1886
6190
7083
3276
8812
9350
6690
432
7452
4066
6081
2519
1016
6867
26
3571
7312
107
8442
5765
951
5448
9571
9391
3608
8198
4446
124
8110
557
9808
3646
5272
5913
8453
4873
1891
6253
5561
8591
4446
1221
8377
4063
192
5569
8142
2132
2631
747
246
85
6913
14
2356
5062
3299
916
1569
4197
8550
4164
2578
4485
2896
5286
7100
136
4263
4399
4996
6395
6364
3496
9076
3348
9168
2621
2443
7443
893
5881
9912
3775
9326
4462
7631
6133
7120
1714
1528
8456
9000
6508
428
426
5444
4813
3896
8456
2240
4248
334
6623
9260
3799
401
8971
3785
5182
868
5515
4514
808
9263
682
9683
3730
7580
2916
5446
2709
9147
9318
6484
1993
565
836
6717
3899
5258
9378
9343
3079
816
2071
9529
2197
530
8689
936
8535
1299
7192
6411
113
602
4055
3206
9038
4104
2724
133
6253
8819
2380
1752
6955
889
8590
693
7582
3452
5638
7628
1774
7032
306
186
5749
8876
4901
6078
5857
1552
2276
9300
5185
8656
5050
5331
3406
4295
9613
6586
9607
8637
8767
2996
9156
5963
5618
2523
4752
1347
9271
9719
2642
7725
3282
6974
4565
6130
506
450
7475
5686
979
8830
6330
5723
8983
5258
6766
6576
1204
8118
6578
8864
247
570
5874
5166
9751
2640
7866
6521
8771
6027
6492
347
7414
7436
9947
3633
5400
467
1321
8904
405
2797
3710
1116
8890
2368
1985
1751
823
6465
5758
1059
3723
7173
1560
1458
3164
3898
1558
1144
7551
4679
3411
8355
6649
1155
6208
5477
9656
3427
2236
7661
2387
3717
5776
1080
3033
9340
2473
7586
4058
3829
6005
8093
4827
6879
9131
6532
2114
8690
2653
2281
9040
7731
6405
3637
4671
3164
8511
8642
8256
7766
2482
8279
5604
5865
4108
1835
5158
2347
8228
7044
4
3924
5775
3471
8409
7870
1942
2907
5546
6190
2328
2445
319
8154
9892
5047
3352
1836
4969
8839
5540
6081
54
659
2082
7440
3381
3030
9105
5317
2033
2450
3067
3029
7658
720
4732
8636
6395
2046
595
6240
8583
2028
2267
5224
1408
8125
1426
4730
8954
5289
1118
314
8964
4176
6771
7841
1643
1248
4760
6490
8467
711
1920
3902
5479
4228
6582
6374
4780
2405
2795
4756
2842
2660
9852
2475
6834
3917
4532
8107
8939
7080
8364
8361
3842
4266
3003
6200
1985
4079
4593
8589
7632
1966
463
6154
6343
5710
7840
2171
7460
8870
9987
2212
8469
2130
2921
2742
5631
475
7216
9840
372
9553
7336
6317
2130
8289
9990
133
4140
114
6743
787
8468
3801
9725
9832
8968
3275
949
6555
574
9883
2321
3998
2840
745
6723
6795
4799
7334
3045
347
5974
7625
9737
3073
1820
521
8894
113
2929
1083
1591
4182
5732
3008
4210
5183
4709
9967
4023
8805
5524
3632
514
1991
2508
8914
4595
1663
7711
186
9531
3303
1659
5524
677
914
3963
4423
3499
8363
868
1259
7348
507
7617
3968
7164
1154
7225
720
245
6556
8510
2509
7770
4982
3829
2976
1825
7471
4056
5788
3511
9436
2939
6533
7302
2882
8114
3497
842
6563
1052
8477
2902
6094
7229
4126
2035
9073
2862
767
7806
7320
9565
3336
42
5274
7260
4509
9576
6113
3164
532
4369
2731
596
7678
3094
3138
8849
6574
6191
9954
6457
775
9192
2109
3565
2806
797
2674
787
1703
6943
5602
9962
9352
8049
1942
3856
5816
3776
8441
2583
7160
2389
5149
1696
3402
3913
9585
8980
5980
5553
7307
7266
946
9893
1464
8471
6062
8898
3765
6166
9832
464
8852
3721
6614
7620
8068
6588
5578
2414
180
5972
4188
1126
9839
6535
7266
776
1616
3279
8039
6943
6308
8027
400
270
3046
6138
9089
692
9902
9213
2342
2678
3043
1560
6094
2660
1294
6633
5543
1330
1742
4009
4387
159
9084
6766
2030
3553
6676
9347
5632
3258
1933
1145
7907
5362
5868
6846
9361
3357
7456
1851
8464
4223
6896
4276
5611
7750
4027
1292
2470
1534
6806
8695
1160
2257
9144
874
7186
6114
582
90
2733
8739
2089
7574
9861
3997
5407
7255
5439
5709
2297
7068
9386
798
1309
4912
4117
5189
4699
1398
9860
6814
2839
3686
6535
4745
8127
4005
9065
125
6187
6247
1459
9939
3360
5449
5444
8372
8831
2630
6985
3910
55
3089
3587
4987
4020
8686
6089
3172
7691
3944
8125
1390
4530
3383
3170
1009
955
7487
378
779
818
3045
5144
4959
6445
9313
2111
983
3228
5986
9073
906
2431
9877
6317
5176
6479
7487
2059
8403
1178
8663
9558
9908
7491
8646
2729
4428
8720
3172
367
6753
9207
1555
4471
7099
949
2211
1737
2076
2745
4920
6140
2956
8421
5353
2272
3444
1881
92
6452
8078
4649
2912
2678
3734
7350
9767
3220
307
9133
1724
3600
7573
1025
8894
9424
7953
5738
6133
8921
5535
7598
97
4737
9753
5223
229
3634
7549
283
7384
8897
1008
9665
226
2513
5870
2690
6492
3016
1252
6610
8397
6833
1322
5177
8452
9524
593
6685
3709
7083
8752
5783
4826
481
4686
2927
5781
88
4719
3942
6776
5004
8788
3705
751
4110
1475
3214
9169
7101
2229
3009
5795
7776
63
8061
58
3920
8186
5790
6251
620
9869
77
7913
2468
2434
2962
6396
1456
7082
3503
2648
4028
4114
2233
8689
515
6535
6158
8816
7086
8871
110
5400
424
8674
315
6677
7421
2039
5116
1416
633
6015
5548
6041
8424
6135
6548
9380
3749
1387
1704
9528
2518
9624
6331
1737
2027
9217
195
9024
5889
7079
9136
1824
7214
2126
1978
4297
994
4459
3263
49
8260
9132
5627
3235
2312
3964
3423
3726
8701
8367
1452
6523
2836
490
4634
4555
8480
3185
4219
4765
9910
3571
5319
308
8686
941
265
1928
1715
7494
8578
856
3650
2612
6053
3011
8347
1069
2671
8618
8552
9930
5708
6892
7773
8944
5112
2653
3517
4872
4756
9248
9936
3581
1827
2323
133
2020
7008
7061
7331
4919
2804
6844
7844
7469
5221
4937
1728
612
7871
5765
1176
7620
701
8223
2896
9132
231
7211
893
2261
738
9752
3881
1769
1138
7988
2447
700
136
8292
7299
3375
5324
3780
4907
4359
5586
6644
1198
7706
64
5987
7357
4021
9049
3326
5672
7923
3208
7240
6661
2811
4631
8148
9423
1234
1305
4207
7192
8266
3054
4012
6547
5324
8067
1924
6213
9426
3010
8556
9211
9717
1907
9260
1761
8629
4869
4728
5055
6702
6588
2914
1770
8859
5871
4409
1759
6109
2184
4621
8313
7623
5142
3386
3321
5563
8051
6524
3874
6203
8917
1618
3289
8461
7596
7305
9575
2495
3317
1423
2152
9982
3019
9685
5384
253
1554
5445
4878
5457
7877
2606
6439
1019
9271
4470
2382
4187
6968
6260
136
3215
9484
4835
6213
9609
8142
640
9826
7024
144
9177
6356
2813
7481
328
984
2313
9277
4060
9666
8121
8181
1194
9714
4973
2119
7271
4214
5483
5358
1911
7257
9785
4888
8567
8041
9681
3733
8924
2226
8046
1092
7374
7764
133
7276
4045
2077
4257
800
9898
6053
1589
1297
7634
7552
7769
8387
213
997
9167
7328
4145
8047
6025
8874
6424
9799
8791
1680
9580
7385
4461
580
8534
6379
3097
7670
2352
6720
1178
1918
7708
5357
4872
299
7400
1140
1365
8049
8682
371
4750
3476
2361
5559
4644
1319
5003
2281
2709
7192
8951
6245
9868
3911
1634
9977
9878
5815
6485
8855
967
4779
9697
9871
6741
3117
7599
3240
4348
8119
4163
9589
4334
9338
9611
4177
175
2763
3244
4703
7662
1866
3358
8359
2077
4515
826
6949
1408
9489
3573
4716
4186
1063
2790
5548
312
8665
65
2618
8518
7364
3252
451
4706
4595
9704
4666
281
9032
1229
6969
1357
4984
8021
2244
7599
2374
7163
2374
887
1545
9406
3566
3747
4866
6219
6832
1195
3117
1145
6832
8403
2790
9168
5521
9933
4814
7613
5257
1747
3255
7541
1048
7457
2786
7781
6361
3699
1237
1516
3406
485
4689
6009
9666
6738
439
6598
8644
9677
7723
5674
3177
9225
5959
9066
2712
8676
240
5484
6320
2045
8438
1782
1530
5085
6071
2735
3823
2667
4211
794
1575
1201
1634
2906
1097
4690
5871
2791
3651
8494
6086
7421
702
9953
9467
6285
518
791
566
431
9814
4870
458
1222
1165
4189
5126
2753
9186
4499
7576
1793
7635
1556
1399
9785
4636
3244
7362
2103
679
7970
2414
9848
5741
3173
2979
1326
9261
5408
2335
7934
8450
7535
8526
3179
6555
5495
261
1134
8014
5386
2673
6656
8793
8747
9109
2215
6850
8210
507
2622
5367
9427
8065
3790
4311
1467
198
5887
4616
4000
8160
2508
8063
6604
521
241
4223
585
7580
9670
1856
8540
7408
9680
3053
6376
3681
1636
5130
3428
8081
1583
7541
8397
8786
4701
9190
720
4736
3822
970
1562
8228
2111
280
652
1005
568
876
1532
2742
2999
6501
8721
5856
9348
378
5489
4093
8149
9719
7796
9126
2652
6494
4917
9871
6320
3083
1394
2045
1050
8477
4190
4688
4307
2132
4031
5861
1764
6353
3159
147
587
1539
5494
4737
2685
9690
2358
4770
2264
9143
3917
7310
8804
4526
1336
3500
505
4087
9392
3724
6430
7321
8458
2189
5689
3245
9339
2916
7310
9183
1517
6601
1044
7547
2447
2144
6961
3902
709
3918
2780
1604
4813
2929
6652
9023
6362
441
772
8944
3114
4244
368
9541
9439
6183
1353
9689
6076
1178
5360
3082
1948
5988
8180
3918
4148
9812
2821
778
9483
7877
810
3014
8714
3635
4933
3272
775
2547
6824
4580
9343
7328
4596
8377
9876
9567
2679
3963
333
3596
8234
8949
6562
2642
4005
4185
677
3095
5893
1772
5504
4697
5263
529
6297
4463
6178
4350
9167
8445
6456
8292
3770
6217
9371
7770
8884
312
8614
3642
2552
4252
9256
6031
1589
5420
5752
4542
4355
4870
7728
2954
8489
8657
2090
5666
7698
9678
3459
5588
3043
7119
2126
1610
526
9710
9109
584
1037
761
6446
9424
6428
4888
6845
1376
9853
8615
9023
730
8399
5441
1254
8121
518
3621
5336
4303
3478
4488
3901
1445
4410
4810
8763
3328
6451
4008
3107
2610
6624
2268
1591
2660
3417
4090
210
3430
4815
3829
8151
8442
2344
5782
4962
4147
5506
9808
7394
3944
9093
8693
7436
8349
4550
9923
5699
623
9517
3844
4551
5924
7896
5332
1052
4283
2323
1684
8846
8249
5887
3337
330
5780
7956
1217
1130
4129
5990
5995
9229
8220
2661
5973
58
7632
5709
3408
7812
4642
1006
2692
8185
8935
4173
2134
9250
9867
8308
6786
4129
4475
426
8166
9645
8710
2787
8979
4542
4238
5087
7074
70
5572
3694
6011
3425
2172
4969
143
969
8733
6503
1477
3190
6904
9719
874
5893
895
5245
584
32
6573
6893
4315
4123
4572
4978
3359
553
9230
9339
2545
8093
2669
7857
779
4549
1340
945
2050
1979
8606
9950
1639
7872
9075
6381
2273
5918
950
2366
9656
3842
1275
1022
4629
6166
6796
5905
7483
9806
7181
71
6099
1002
407
2232
7240
1853
5747
471
595
1476
4073
4740
255
1787
6404
7082
1537
4375
1784
6342
8631
5318
3465
1900
4655
1579
1705
3056
643
7866
9017
6045
2351
774
5199
9198
7922
4577
5085
5237
6240
5516
5427
3314
7425
4941
8405
6515
3286
3332
891
9669
4751
995
5129
3740
3657
3625
6152
9735
7597
1670
1771
6280
9734
4063
218
2329
7880
3427
4032
6074
6526
8285
4176
2266
1079
3138
3231
6600
5490
2685
100
1666
7359
9851
2260
9887
9798
1596
2704
9394
285
1651
1303
9703
6316
4644
2607
9235
8780
1677
915
373
5771
6669
2635
4899
3558
5025
1833
3511
2448
8225
828
3269
5301
4272
2097
2693
315
4822
2317
5299
4889
9676
9254
1392
1499
2445
3606
3285
4482
3975
9648
1420
7002
5403
3423
4852
3444
8997
2510
2045
1285
6673
1752
1717
7535
5405
3255
8427
9871
1367
3049
7305
7
8528
2363
5693
1998
3807
3331
5416
7487
8829
9477
5436
2764
6382
3518
3843
9470
4954
9052
3847
8042
5962
5581
9307
555
2620
7023
8143
6041
5206
1848
3118
8226
1982
3347
7038
23
1311
9986
2763
4629
139
6374
5866
7338
8641
3083
6125
1232
6770
3107
2568
3560
2364
5198
3783
518
4389
2450
6879
3312
1788
4623
361
8325
7819
6846
3819
5177
4564
9021
4494
9126
9653
8821
7260
9335
2507
5331
4103
9429
8928
8663
2153
706
4071
4429
6418
866
9789
4082
9253
2156
5150
9981
7057
5743
7797
5808
782
7736
7902
5506
9783
7974
1602
7390
5742
9860
6762
4610
3782
3245
5156
8747
5538
5203
1288
7157
3824
507
3582
1473
8070
116
3424
4991
220
2941
7385
5386
8685
9033
3190
6419
2579
8875
7273
2337
7172
7379
5645
9353
4865
8672
6966
7245
6525
259
1643
1800
4372
932
6292
7277
3907
6537
8025
8725
2109
8589
5805
7064
7832
7247
9857
3542
5669
8247
4523
8612
1614
3315
255
2713
6122
6163
5049
2714
9852
4715
761
9326
4383
6089
6047
9847
2443
7852
1171
2751
5527
8932
5521
824
9466
819
5541
2976
6828
181
5803
2327
4436
9733
777
6331
9142
2726
9803
8326
5177
1659
2378
1972
6712
2446
2293
4772
142
6702
5776
474
5256
5345
7320
8351
6639
7465
4047
3749
5300
6924
553
498
4528
3388
2501
9696
543
9590
3515
7912
9993
2826
3578
847
5429
3585
2009
2235
4389
6573
3253
7114
8427
7210
9094
6070
2886
6300
4765
1775
9165
9146
1888
4570
618
1145
8390
5025
8460
8576
6931
8034
966
3599
1686
8457
9935
3543
5320
6665
5937
92
287
5450
9756
9954
3755
499
9913
7163
3343
8081
9855
4165
1804
3925
4102
4476
6763
58
6073
5666
5243
6731
1410
225
2844
661
1990
297
3920
1334
1195
3570
4702
2955
3665
7702
433
4166
7679
6438
1052
8492
1453
6040
1795
9263
2272
1459
9748
9155
5040
1839
7094
6962
8240
7252
1464
6361
4177
4427
6088
5857
217
3265
3558
2559
3976
6777
1103
6531
7192
2573
7159
9715
8497
1435
4214
6985
7703
6688
1106
500
6817
6543
4238
4498
300
4245
5010
2736
3624
8031
2160
4675
8737
2680
1965
6958
7277
9837
9261
1253
9704
3872
3183
629
1306
8942
9378
3977
4588
7078
8958
7081
1583
8897
292
162
4102
6099
5563
6096
2997
5228
5147
1797
9881
9538
4504
5746
7819
5647
3818
829
9896
331
433
8486
1839
2744
4909
5619
1640
7267
4240
8702
4026
6902
9252
5372
4915
9498
3275
9441
3493
1911
2282
6430
654
2941
9159
3597
4495
7028
8333
8484
7786
6817
9604
7759
7619
4009
2734
8296
4444
2425
533
7957
647
4415
4375
1402
743
5098
1152
5587
9696
5096
2922
6887
4711
2848
5473
7731
1084
1956
5382
8969
9033
236
3662
5360
2951
4635
6002
250
9863
7073
4573
1970
9229
3493
5682
2874
376
4935
8179
8080
8418
3843
7247
3571
6449
4105
3106
6261
2726
8053
5688
3385
4477
5706
1590
140
3285
2794
9172
2664
9051
1858
4982
2954
8709
9588
7307
4544
5222
2988
1555
2170
533
1437
7216
5482
8642
264
2560
1434
7920
134
350
5452
4443
2857
1081
5871
1569
2400
5886
1654
2376
990
8756
5213
6044
5903
3285
3807
2561
5579
7582
5893
1390
4555
4465
330
2851
6300
6150
2890
8017
5377
3976
7454
4636
43
1163
7696
2513
4729
7319
1239
8464
5008
7709
8871
1741
1527
6157
7441
5265
7683
2167
2858
7266
8253
2604
360
3914
9571
9054
1098
4953
9444
1577
3921
9778
7946
5997
8766
7104
7354
2905
5612
3374
2692
260
7188
396
3765
9745
7128
7172
7802
8019
7846
9550
6571
5730
458
3715
1655
5490
4487
4102
1350
9121
8174
1373
1991
5261
6455
6461
1202
1281
9422
3142
8538
6146
6168
7275
8226
9061
3
2969
1372
5953
6290
986
3990
7810
3649
4485
2844
4265
6358
6190
3547
2544
6145
5953
4087
3878
815
3632
5177
6716
9701
8728
8460
4517
1578
854
4031
5072
2807
191
7149
9244
1099
8059
7657
7390
7038
8655
1532
6085
2701
6345
2653
2899
5254
6418
3804
5034
8552
7233
3049
1438
2750
2661
3804
8779
7524
1389
2515
5253
9735
7389
1137
3881
5164
8165
7876
2793
6132
1744
8441
2069
4964
706
8465
809
6548
1753
5150
8204
9784
8451
1533
2113
3070
6220
4932
9337
1485
99
7490
9891
1146
8861
5905
1924
7098
5081
3561
7490
8929
9208
6964
7339
4546
2703
6856
9247
6024
5795
4663
5396
3116
4043
2951
8319
7071
7817
2837
5165
4065
4624
2076
5242
2562
7560
2528
2653
4438
8023
9938
2699
8253
7516
9621
5475
8618
5868
3451
8491
8779
6511
3942
5554
7762
2771
1275
8969
7330
3592
4376
3023
9290
5222
5005
9815
273
8354
9274
8392
133
1888
9037
9228
8007
496
5753
1269
714
9614
7416
6720
8731
2222
3041
4360
1735
1380
3388
6761
9487
5577
661
9564
6602
2860
2027
9475
882
2039
8860
9440
6790
6453
8622
9886
7361
9268
5102
7940
7677
5106
4180
6766
1758
104
1292
9823
1820
6173
7493
3577
9294
9633
7337
6194
6714
3994
8899
307
1585
8676
7896
4031
5797
1885
7602
8182
3782
6436
7992
3975
1188
7410
6030
3232
7322
6152
4130
9054
1906
8974
5736
2832
8908
9730
3216
5398
5343
5500
3434
8457
2316
2439
908
740
6165
3589
3970
9050
9904
2132
7017
6892
4716
506
5331
5646
6972
8004
6694
789
6946
4271
5423
343
3418
7537
8881
3242
8814
699
8077
3970
3454
5278
5236
3185
1986
2356
896
5927
2581
1519
7602
5603
9222
9384
8288
8939
7449
9402
3884
8201
2018
1813
7168
7346
7410
766
436
5878
416
4973
4703
3080
1453
871
1287
1891
8417
2783
3398
4419
2832
1360
2041
4102
4044
9439
3518
3972
9859
9486
900
5463
4807
8610
1284
9335
2485
3354
1633
7625
8968
2791
1762
7456
7561
2513
7645
87
9733
3902
4959
1213
4142
4078
9067
5525
2447
1665
8070
8325
1020
9920
5012
8078
2990
1602
6474
9764
5076
4579
6012
3432
937
3425
7922
3158
1516
4077
6522
4890
3573
6419
8607
1718
3584
7476
7493
8772
6267
4798
7263
9675
2248
7291
8627
1649
4570
8389
5239
3675
507
3872
2020
7042
5706
3744
9538
1883
3162
9985
7054
6354
7957
6655
2918
927
1968
63
5317
1509
7928
5705
8471
861
6994
9064
4937
1365
4917
2039
1205
9653
5088
5908
7358
2736
763
2578
8251
902
4671
527
5850
2792
3692
2240
2305
5350
8748
8294
6454
2251
1425
4499
2748
9143
3545
3314
2015
7318
5178
79
6962
3454
9176
6269
1143
374
8625
8831
1624
5234
8189
7215
9909
3622
378
9198
9738
9982
6768
3355
671
8766
1678
8334
8106
7408
7718
9622
8173
5879
7237
4796
795
5363
6023
5688
9215
9711
142
231
2109
6747
8424
917
2554
3397
9853
9975
5366
643
1162
4241
5523
6070
8455
966
9117
6501
6534
1536
1398
9269
2561
4157
1046
6496
4378
4672
9179
8952
8079
7488
1890
7374
6729
9271
6383
3252
1524
3516
1637
4409
7041
3221
2845
2821
2062
8482
518
8696
2725
612
90
2104
8001
6583
1924
1222
2092
2937
4284
6303
1058
965
3278
7043
790
341
9655
8480
2909
9054
6716
1988
155
5334
6093
5082
1416
8996
9432
8153
5013
9672
4391
8767
2377
4650
8864
2186
6020
460
2401
3519
3625
7239
7473
6435
8754
4331
4023
5151
5620
5138
5699
5139
5449
2036
3748
1460
3820
4876
5575
5557
7221
9110
363
6329
7374
4365
9308
9213
841
1138
4994
3253
1687
562
3623
3931
9802
7054
7917
8147
2114
8869
6920
7889
825
5495
2744
9306
3347
7707
3434
3319
9133
9803
3004
3616
6081
5089
1726
2710
9425
1134
1127
4935
31
5356
6356
3718
6184
7125
4813
5227
709
8454
9687
925
3101
8883
1542
509
340
1916
6589
4650
7687
6701
1205
6286
5029
1981
7299
85
9435
3693
2757
79
3814
1909
9522
2401
6468
1096
407
8320
2933
5502
5505
7619
9438
5556
6702
518
3559
4618
6619
7482
623
87
591
871
4577
7564
6691
6951
6678
2061
584
897
6559
7785
3116
16
5379
8018
881
5930
7416
6608
7991
6835
76
4224
2258
5398
3869
368
2055
8108
2115
7259
4529
8486
6538
6901
4281
8045
499
9825
7958
6869
3632
6895
5575
763
5394
2625
7957
1043
359
5243
6907
4821
8286
3816
5372
8106
2073
2427
4392
3768
3902
7117
7319
2824
3711
4455
9196
1772
3922
3432
6619
3768
4013
7960
5417
1539
8486
6690
1543
4106
203
3169
9583
3402
4389
9794
7343
535
3564
9297
2749
5199
5778
779
260
5213
1232
6469
9795
4817
3742
8357
9583
1165
5055
6599
353
1645
7115
2234
5026
9940
134
8079
7315
5436
3423
9383
8731
6664
5915
9068
3923
7386
7359
4042
7835
8655
2993
9439
6269
2650
8697
3157
8888
6279
2486
7337
3654
8801
6627
2751
8182
8836
281
6693
1444
910
4094
8344
6869
2250
4443
7511
9622
3301
2052
6667
2548
2036
257
5453
7742
4565
4147
9061
7602
3399
4746
1641
5571
6578
6403
2459
3440
3157
8987
2721
9637
3579
4597
1823
4622
4764
3835
552
3079
2085
980
8219
5979
2934
373
6482
5617
592
9667
4744
9610
6714
2535
4902
6371
9868
5365
4569
5063
9137
4169
3008
654
4576
5807
589
8428
3851
7096
9001
2735
8695
8520
3286
5233
9713
7708
7062
9852
4815
2733
8200
6777
58
5200
1363
1703
3463
385
1456
1139
67
1671
9370
8870
6159
711
7039
1985
8830
338
3657
3534
7861
1680
5178
2245
4998
1522
8964
5561
9291
5269
8766
6473
6402
3921
7256
8150
5445
7995
3551
9490
3942
5972
7460
1667
5321
5295
6207
5811
5352
872
4832
3148
3137
1183
9661
1102
2470
7871
8093
3675
8750
8281
9628
3674
1974
2210
3482
2612
7304
9444
4437
3933
9928
9083
8266
338
3559
5417
6237
6349
6021
742
5142
5874
3363
8298
1107
618
4642
8008
3522
7289
7383
5111
2209
52
736
3064
74
7062
9760
6016
6393
3974
7635
8545
4546
7956
2671
7980
8183
1109
3411
2276
3472
304
6339
1212
9618
6760
2363
1885
1170
3687
7746
8647
9027
690
9340
3646
8405
3979
6923
8046
2398
5681
4958
1192
4689
3164
7298
5616
752
3876
997
4641
5601
8569
7488
912
9053
206
7814
7447
4571
9646
6484
5024
1346
4062
3945
1054
4217
4528
5302
393
1491
60
1543
1347
8013
8827
8141
1294
9562
9770
2229
3623
2461
3267
5425
6907
2906
8493
1390
868
4618
5477
9750
8874
6765
6107
2326
7611
8123
6593
3867
5017
1745
3034
4353
1178
5806
9525
7637
4788
971
3361
9580
6055
6692
7318
7931
2879
2222
5994
4713
8234
2876
2011
7115
1410
3064
5481
7418
2070
1680
5338
4946
3465
2523
7644
831
1128
689
9185
8224
8655
5491
5736
8636
9185
5674
6957
7664
3362
9172
137
7607
9813
9258
8674
8769
8868
4717
5844
3643
8635
324
200
3521
6531
8131
9309
7038
1999
6368
5350
6077
4348
307
7590
5956
5096
9697
2447
103
4008
6802
4781
1888
4796
8869
7431
6151
6682
5716
7478
877
5258
6988
1830
780
9191
6016
9330
6512
2761
7590
8781
3353
8280
6169
5894
5364
1882
8624
4172
3880
5448
7763
3068
9351
6277
9153
7024
7169
3036
2888
6195
3148
1993
3716
3017
1528
7709
2934
642
6821
5761
3827
4365
2674
2097
9212
7247
8108
1772
874
4491
5256
6223
106
815
1330
7997
6439
6141
5338
1470
2428
1106
2540
3037
8469
7042
7743
717
3722
6623
5980
2465
6750
3128
6234
6643
5
7758
6901
6577
8417
8739
1266
4288
1721
981
2535
2729
4479
2156
3013
9518
1074
985
2954
4463
7718
110
453
6667
618
7465
7383
4819
7379
6359
230
1204
7583
9976
5191
4327
2408
4540
1377
165
1898
9163
6816
7166
2784
5757
2376
6053
3944
4867
2110
5201
3112
2432
4031
7675
2583
1067
5300
6557
1870
6667
6776
8901
396
1428
4823
5261
625
8920
5590
9006
1266
2185
2112
377
4393
7454
8632
5477
297
2312
9311
9446
8890
649
7804
4099
5810
6515
1436
5669
7506
8188
3103
3821
1820
8357
6595
2417
7648
5196
8756
52
8204
1549
4635
1490
7565
3278
5192
5350
607
4666
2318
232
8031
7758
513
9694
6231
7536
1966
2672
8753
5289
8129
9861
6769
6138
9133
8741
154
6951
107
5607
5392
8125
1356
6592
5655
272
9941
1712
1597
9902
9682
2544
7397
9244
668
6987
6231
8509
3723
8294
2107
5016
8943
4083
1243
7073
1047
5087
1637
8298
3106
3683
207
9134
3930
1597
1052
1170
2909
9034
743
2489
3678
6536
5834
2718
1854
1335
7168
9881
488
4051
5338
7302
9044
9822
8232
2756
9936
4502
5639
1217
8352
7520
3240
3045
6080
9844
4045
786
9749
9042
8459
5175
2467
6764
2571
1111
7266
4839
1961
3237
9825
7199
8192
7970
6536
5525
7208
9665
1946
4191
7618
2559
4188
9086
17
8266
3248
2665
5439
7178
8728
533
9611
2695
6824
6245
3295
4640
1341
313
7158
9655
735
6641
3249
4907
1752
8130
9785
1822
7569
9237
9594
5080
1386
5777
1403
9215
4911
5152
9307
3604
6490
5278
5280
1504
9187
8432
9213
9981
265
3932
7923
2756
9210
852
3169
9778
7312
9308
6924
5149
4096
485
144
5497
6394
4096
4803
1658
4888
3641
7783
7945
2275
2694
5255
7964
6379
7948
1979
1926
5940
9158
6217
3020
1143
2355
3650
9956
6670
290
839
5212
8129
1952
3831
7211
4158
2468
5549
3430
8911
5653
9205
7340
5365
6089
9946
4168
1466
6515
6980
6800
5429
9530
730
782
3173
8772
8542
4362
3381
5419
9989
7147
3522
9922
4402
4052
9864
4287
3089
6275
8989
4161
4556
1471
5139
2359
5282
6514
1906
245
9031
9829
1368
705
5815
9921
1806
4440
8283
9463
9933
3771
6510
7399
3159
3624
4810
4665
4935
1972
6067
1002
5798
2681
1158
2800
8820
3633
5322
9947
748
9587
6540
5234
3563
5113
6476
9486
2200
6299
6126
519
9004
7668
3899
7937
9778
8683
1180
922
7979
3783
4166
7424
5057
479
5209
2733
1570
7671
1023
2179
9868
870
4791
1611
8588
9290
520
5234
2253
1070
7775
934
9886
1903
6861
1867
7067
8215
8411
4033
5716
5050
1886
7422
6759
6483
7810
9185
5671
1792
2730
5802
382
1091
64
7055
2817
2619
5256
1577
4336
4653
1117
8845
4216
8584
5534
7926
2450
2653
8631
9700
4247
2701
6904
2605
125
7242
4949
8033
8979
6958
2534
9198
4187
2723
4576
4803
4280
4901
8885
5707
6424
7696
6723
337
5015
4959
6409
6085
5465
9027
7306
3899
4335
3163
1910
5785
7465
6362
1396
6907
4843
5853
7289
6284
2444
5216
7065
7010
3174
1761
6086
2607
3441
5980
3491
6835
7488
1891
5863
6398
9165
7015
4089
5552
5579
2967
3617
8266
1634
861
4320
2943
9141
833
846
216
4356
1217
783
4552
4061
2897
6617
6389
404
5598
3313
1631
7162
569
3310
5670
6237
881
1740
7556
4817
2732
6168
7624
4277
242
6777
4092
788
4931
8025
6691
1647
1433
6780
1788
8906
6002
3819
54
2141
6165
9855
4917
9433
8160
2193
7060
6593
9943
2527
9832
8660
7889
8403
1919
7994
7800
7733
7815
3730
5860
8172
3047
8941
1229
8573
396
3119
2303
3770
7255
3078
9701
8570
9441
1431
4087
2273
6920
8993
3404
8911
4935
7975
291
4375
5975
1498
6752
8217
9418
463
9928
4163
379
6358
7369
282
2424
5103
9109
1465
3263
2676
5133
2818
829
440
2837
9186
525
8770
5940
6694
1114
9262
3749
9305
9062
4464
7749
1425
3555
5609
7639
6601
4766
3106
6660
9149
6285
5657
9560
7604
2644
3905
320
1218
33
3210
355
2824
5301
463
5943
8381
4418
9086
1893
1576
5202
6400
9409
1846
7639
9901
7207
2210
7309
7818
592
4019
5159
9471
2155
7084
5107
3401
6981
9608
7994
9837
4041
3181
788
6885
2497
5631
1970
9375
871
5868
1778
9149
7538
6066
2562
2715
3755
1319
6949
9529
2823
3717
919
1711
6938
8097
8046
8391
4054
6412
7866
5720
289
2094
8892
1402
2803
7697
4579
7281
1088
6534
6497
5328
4315
9761
6318
9113
9838
8621
5480
9103
3995
6112
230
3995
1631
4106
7045
5434
7585
4694
6526
6562
4357
1939
2031
969
5311
470
984
6807
6179
6754
9749
4435
6591
7003
5828
1269
7438
811
5767
148
4886
4122
5165
8308
4019
3423
9022
3860
4448
4534
7419
7470
1656
3602
7013
9317
8470
4719
9312
1362
5975
9132
1469
3988
4122
6527
1159
1732
6752
7630
6527
9611
9814
8933
483
3261
6026
5963
6061
1092
3122
3950
7846
5760
2668
3538
6747
9178
2895
8645
8992
2039
7395
2445
9809
3705
8982
6100
8128
2989
968
6171
485
4572
3987
1375
2188
9141
1775
4472
8038
9724
9731
3258
8025
649
8562
6754
3174
7201
762
7783
9551
2305
5423
767
7555
5778
3085
7833
8070
664
5913
9716
6639
2632
8814
8548
4247
4710
8630
4406
25
1289
4189
8178
5289
2565
8728
9678
2900
7982
2778
4549
4078
1691
66
3544
8565
5075
5140
3276
2162
1038
3405
6587
8856
8943
694
2258
3627
4449
5212
1628
8930
9772
9515
7836
146
7576
7800
4242
3999
8947
4918
1341
3988
674
2101
8401
6124
9184
8132
465
4619
8989
5330
5438
6296
2499
5835
8005
3751
226
9767
6789
6977
4613
6734
417
3277
558
8351
8011
5466
1306
9544
5938
7489
4439
777
8971
3382
2149
2771
8322
9390
9358
9497
207
2616
157
4080
9879
5282
7314
911
5683
8615
6232
4960
1322
9166
6400
9459
1947
8978
7280
1683
9029
9709
9939
305
652
2423
1880
8941
2278
8497
9690
2946
1406
9967
6532
9942
4713
7514
2300
7350
3310
3605
371
1716
2423
7928
1824
7015
4726
9598
5950
8130
1197
9099
3384
4724
7257
9433
3852
5627
8737
9619
5651
2978
4574
6393
8053
3739
629
6370
5663
919
1107
2019
3751
2428
5904
4653
4913
8586
6476
2897
9428
8956
5220
9704
5410
2679
6236
3783
6982
3622
6590
5207
8887
4374
3489
1905
1852
5750
752
2456
4930
9567
4507
4432
8109
8725
835
2361
7643
5437
1449
4440
6314
6390
8382
6497
4907
7121
6329
8041
3428
7473
1393
1656
9514
3522
6422
5334
8778
6639
2041
1255
9177
5334
1236
8722
9994
8603
7344
6667
7482
1201
1049
8894
4577
4127
2427
9579
2292
1025
5245
3982
2083
6629
7420
5244
3964
751
4679
4750
1467
7963
7702
3247
1754
1431
7056
1785
8010
2228
3835
8504
6210
3449
6809
9400
1002
950
2519
5838
8429
710
8836
269
5557
4131
2524
6907
3723
4951
236
8094
4202
9799
5602
9518
7242
9175
6757
8750
677
6647
3871
9457
8720
8985
9552
8263
4560
6049
1187
6200
5140
8441
1038
1417
2002
5756
7701
6420
3747
7764
2122
1981
7451
345
7023
2609
9026
5937
7491
2524
1959
9894
5870
6610
3113
4679
9580
4012
8294
2819
5575
6758
9769
8950
8023
6108
4152
1413
5257
7366
5842
5038
2383
4039
1727
3988
5663
3694
2723
3742
7648
7752
1023
5495
9607
5158
904
545
6374
6475
3177
5744
9902
9236
5428
2018
8289
7869
1063
6693
4533
5765
8361
4561
4627
2340
2804
8780
1396
6848
7918
9766
4593
9632
5149
1866
5052
7381
8726
7580
6648
5244
3453
3657
1392
7996
8809
2192
5064
6216
3106
569
3498
3547
3286
2955
6727
8893
9919
641
2442
2894
2602
9684
2166
4940
1669
2553
2181
9826
8298
2470
7977
8512
2987
4529
1163
7674
3136
7482
7068
5199
1814
4293
1684
8574
9927
934
9773
8494
5871
2228
1533
4729
8464
9081
6751
8239
8417
9207
1467
4927
6830
3129
1936
5538
7908
870
6298
3908
6438
6694
2687
1206
9246
4482
4050
3905
2128
9264
1291
4334
4011
615
5957
4615
2931
6541
8894
2242
2760
6078
4234
7063
6125
6613
132
2592
4376
8583
5663
98
5304
173
5907
8423
7272
1208
4867
7701
8411
9867
4435
5423
3284
3467
344
7844
2436
1514
3477
4069
1179
2316
3221
7543
7968
4625
9605
3014
9602
8277
175
6272
1853
2333
4324
135
9648
3789
8966
4352
5460
670
5734
6884
133
8208
1233
9020
4639
8280
7178
4813
5129
9355
3179
1118
5313
7162
1106
9551
3026
362
4860
5183
2236
8870
4562
4578
741
161
3537
8428
7396
9924
4024
3411
6731
2179
5249
8529
1537
7754
2042
1070
8928
1868
708
4561
7539
9765
1904
4383
7363
4638
6809
9026
7722
3488
2397
8597
9638
4109
7474
3032
3328
6556
4248
886
7237
2314
6641
9629
9126
8490
2084
7870
7566
2805
8846
5955
5491
5195
9331
9881
9325
1886
772
9857
4075
6996
5785
5259
6141
3936
9245
3591
6366
2896
2049
4851
6003
8163
680
86
965
8616
6041
4392
6272
7836
8328
431
2128
1642
7592
2807
5528
5682
8432
69
8449
14
5950
743
345
5519
4437
9073
9378
2935
9337
5421
4241
2027
1428
8289
4642
2680
9067
5591
8772
2174
4245
3633
1726
5441
8580
4486
9673
5584
2088
1676
4627
3952
9812
6164
7243
8457
4602
7315
4302
2846
3808
3137
271
4476
5410
9723
9157
1428
5457
4106
7823
2205
248
4700
2156
8602
2651
2342
113
9669
1704
9817
1039
2810
8737
4454
5021
6019
700
3606
7449
6035
6196
3625
3765
5896
2489
8353
8637
7638
9848
9155
4770
1855
5136
4626
6293
1578
4940
6976
6713
7350
660
6142
458
5267
8131
9021
6808
8360
2041
8297
3684
1784
7821
3367
8337
4464
191
9689
751
5829
7417
3555
9465
4839
9795
6947
9449
647
1899
323
4687
8177
7720
3641
9829
6601
6742
2186
1536
6048
698
4733
1267
6335
4971
3649
8452
913
5737
6265
7429
8426
6500
9704
6902
2333
4210
8641
2420
8115
6058
6294
8227
6923
8581
2412
8941
9259
3071
3438
1022
6329
2620
3961
6767
6906
6579
15
4148
2700
2781
1678
7706
6969
9987
1033
7325
7673
8626
3083
8511
456
9911
6266
4461
8942
8523
294
4756
9180
1943
3175
6333
5880
5740
9924
6463
117
3354
1921
9947
8519
4114
1815
3981
658
5861
8204
4269
1990
2717
2965
3578
9812
869
8413
9735
8909
8361
3635
4269
9977
9573
8150
8647
6244
4847
6882
236
7178
6594
200
7613
9558
5656
2579
4750
1946
19
7489
2333
2473
5545
9111
3326
4098
4025
1819
4425
8272
7985
5949
7471
150
9791
5157
3459
5379
8607
8529
869
2980
5736
6223
9635
3562
6353
4749
1363
5345
2980
3757
2987
2058
4339
5718
9228
3846
3682
5697
8261
6388
8823
424
2918
8887
3589
3210
5793
1357
5667
4383
3477
4643
6341
4657
1544
3056
7726
7493
1174
5400
9875
6456
3221
715
4260
4024
714
9474
69
1826
3243
4967
1325
3097
503
2542
2022
6526
6169
1612
7285
954
2287
1862
914
3791
7981
8452
7333
7705
9143
5486
3492
4010
6249
7167
5195
8369
4012
8836
4620
17
1527
6252
7258
6086
4890
2781
9307
5346
8648
2869
2627
3832
7278
2960
5910
8796
5788
6422
9522
5303
7956
8765
7984
9116
6815
1622
5591
125
9727
6600
4191
4987
1495
1330
2364
8119
5924
9765
8212
8942
6281
8726
3996
2186
2066
3352
9740
750
517
7777
862
9164
2998
9246
6707
145
8339
8426
1378
8579
202
4353
2680
8662
7077
2105
1965
7528
8969
7663
6455
7015
2580
4277
8372
1081
4371
5813
1925
992
3908
7913
3747
9612
3684
1619
8525
1358
7726
9418
7917
3705
8418
6155
5311
8813
4315
9448
9974
3903
9311
3779
4201
2725
6842
9133
7911
846
8279
6252
1481
2816
7254
380
8395
9347
7232
360
5934
295
3268
7808
2250
264
1012
2498
6024
3991
7376
3366
9636
5591
8816
9425
8331
7336
7940
2744
5427
284
1443
1862
1493
1549
2913
3209
2025
8174
3693
3950
3074
6987
3569
4993
4954
9895
3503
8297
9802
4291
1123
2122
1005
4378
5976
7384
5861
5492
7235
1513
1196
4558
865
8011
2198
1526
7575
5437
6578
2295
8906
3505
3266
2484
233
5639
2634
7134
9620
2455
1527
2624
2250
5019
1339
2867
118
7663
1815
6909
1940
8410
9523
941
2277
173
6661
4640
8974
8974
2988
647
2617
4759
8336
5068
224
8691
221
6146
9738
535
6139
4719
6459
5418
8661
8296
2245
3234
9945
4574
9297
8456
8110
4458
187
1421
2256
4834
9342
1376
163
480
6587
1203
4433
2641
2739